gRNA_Seq,PAM,21mer,Wt_Efficiency,gc_fraction,Tm
ATCTGCCATTGTGTCAAGAG,GGG,ATCTGCCATTGTGTCAAGAGG,0.974025974025974,0.45,62.57945903638927
GGAACATCATTCTGGGCGCA,GGG,GGAACATCATTCTGGGCGCAG,0.734177215189873,0.55,68.72905845706958
GGCTCCAAGCCTGATGAGCC,CGG,GGCTCCAAGCCTGATGAGCCC,0.128239698125294,0.65,73.97564214967906
GTGTGAGGAGTAGACGTGGC,GGG,GTGTGAGGAGTAGACGTGGCG,0.812599755855649,0.6,69.90543014601894
AGCTGTCTTGATGGATATGG,AGG,AGCTGTCTTGATGGATATGGA,0.894961283806531,0.45,63.02277079776695
GAGCTGGCGGCCCCTCAGTG,TGG,GAGCTGGCGGCCCCTCAGTGT,0.935384012539185,0.75,78.5783135548337
GTCCCCGCTGTCAATCAGGG,TGG,GTCCCCGCTGTCAATCAGGGT,0.902912621359223,0.65,72.82366398132291
AAGCTGTTAAAAATGAACTG,CGG,AAGCTGTTAAAAATGAACTGC,0.961242937853107,0.3,52.157825841443014
AGTAATATACCTAGCCAGAG,GGG,AGTAATATACCTAGCCAGAGG,0.893415418915152,0.4,60.11541722946049
GATCTCGCCTATCATGGTGG,CGG,GATCTCGCCTATCATGGTGGC,0.518417067105435,0.55,67.13473365256891
ACACCGTGCACAAAGACTCG,GGG,ACACCGTGCACAAAGACTCGG,0.89799568476039,0.55,67.02940426467859
GGGGATGTCGAATGCCCTTG,AGG,GGGGATGTCGAATGCCCTTGA,0.713112774692103,0.6,70.17240833085157
GCTGAGCCGTGAATTCAACG,AGG,GCTGAGCCGTGAATTCAACGA,0.870737335978028,0.55,65.97915614756062
GCCAAGAGCTACGAAGCCCG,AGG,GCCAAGAGCTACGAAGCCCGA,0.923309178743961,0.65,72.58328582870388
AAATGGATTTCATGTCAATG,AGG,AAATGGATTTCATGTCAATGA,0.56876681125877,0.3,52.85511888143412
GCCTGGAGGGGATCTGCTAG,AGG,GCCTGGAGGGGATCTGCTAGA,0.718742974514091,0.65,73.8595822359182
GAGAAACTAAGGGATCCGGA,TGG,GAGAAACTAAGGGATCCGGAT,0.985074626865671,0.5,65.53096942986355
GAAAATCAATGAGAAGCCAC,AGG,GAAAATCAATGAGAAGCCACA,0.682456140350877,0.4,58.46952797662266
GCTCCTGGTATCTATCCGAG,AGG,GCTCCTGGTATCTATCCGAGA,0.921132618780995,0.55,67.2005475072421
ACAGTTTCAACGGTCCCAGT,TGG,ACAGTTTCAACGGTCCCAGTT,0.672950391644908,0.5,66.60227684572004
AGAACACAATCGCAATCCAG,GGG,AGAACACAATCGCAATCCAGG,0.925915492957746,0.45,61.82701581352029
GCATTTGTAGACGCATTACG,CGG,GCATTTGTAGACGCATTACGC,0.838747894719461,0.45,60.05328844966675
GCCTGGCTTTCATGGGTGCG,TGG,GCCTGGCTTTCATGGGTGCGT,0.753725038402457,0.65,73.29565342226522
GCCTCACCTGGTACTCCAGG,GGG,GCCTCACCTGGTACTCCAGGG,0.926415598290598,0.65,73.60069710857539
ATCTGCTACTTCCTCGACTA,CGG,ATCTGCTACTTCCTCGACTAC,0.858066821164388,0.45,63.70074308084435
GCGGTCTACGTTAAGAACTT,CGG,GCGGTCTACGTTAAGAACTTC,0.677441863125264,0.45,61.51750389301753
GTTATAGGTCGAACCTCCCT,GGG,GTTATAGGTCGAACCTCCCTG,0.641836734693877,0.5,65.85497537500311
AGCCACATTTGAAACCCCTG,AGG,AGCCACATTTGAAACCCCTGA,0.903142054787262,0.5,66.13934097114907
GCAAGGAAGGAGAACAGGCA,TGG,GCAAGGAAGGAGAACAGGCAT,0.847620426183066,0.55,69.16762495916237
GACTGAGGGGACCTACCGTG,GGG,GACTGAGGGGACCTACCGTGG,0.95426731078905,0.65,72.70415351854336
GCCAAGGCTAAGTCGAAATG,TGG,GCCAAGGCTAAGTCGAAATGT,0.739231829263983,0.5,64.01752064940649
AAATCAAGGCCCAAGAGGAT,GGG,AAATCAAGGCCCAAGAGGATG,0.628786513962167,0.45,64.82109886775231
GAGACACATGGACAGTCAAG,TGG,GAGACACATGGACAGTCAAGT,0.897507598784194,0.5,63.94936848112644
GGAGCTGAGAGATCACCGCA,TGG,GGAGCTGAGAGATCACCGCAT,0.933401617816997,0.6,71.03257071040554
GTGATGCGTTACACTACTGC,TGG,GTGATGCGTTACACTACTGCT,0.873058542413381,0.5,64.34488519669964
GGTGAAGGAGAACCGCAACG,TGG,GGTGAAGGAGAACCGCAACGT,0.967331430179727,0.6,68.97106815264897
ACCTCGAGATTTAGACTCCA,AGG,ACCTCGAGATTTAGACTCCAA,0.70610349402919,0.45,63.47727772485433
AGGAACTGGATCGGTTGGTG,TGG,AGGAACTGGATCGGTTGGTGT,0.872743911739285,0.55,68.08192580115428
GATTCCAAGTTCACTCTCTG,AGG,GATTCCAAGTTCACTCTCTGA,0.775994317654957,0.45,60.83718026987219
ATGTATTTCAGATTTATGAG,GGG,ATGTATTTCAGATTTATGAGG,0.74017885132571,0.25,49.18405373912458
GGAGAAACACTACTCGCACC,AGG,GGAGAAACACTACTCGCACCA,0.910307017543859,0.55,67.07707753222854
GGCGATTTCCGCCTCCAAGG,GGG,GGCGATTTCCGCCTCCAAGGG,0.734392113910186,0.65,72.55441024758915
GTGTGTCCCTTACTGCGCAG,AGG,GTGTGTCCCTTACTGCGCAGA,0.822434521253756,0.6,69.94636243395064
GCTGAATTTCAGTTGTTACA,CGG,GCTGAATTTCAGTTGTTACAC,0.133565659197498,0.35,56.484395367010904
AGTCCAAAGCCGAGAGCCTC,GGG,AGTCCAAAGCCGAGAGCCTCG,0.689492521367521,0.6,71.36894315941328
GCGGTGGTGCAGTATATATG,GGG,GCGGTGGTGCAGTATATATGG,0.831321422823112,0.5,64.75000593489824
ACGCACCTGCGTCAGATCTG,TGG,ACGCACCTGCGTCAGATCTGT,0.662561199510403,0.6,70.14117103198447
AGAGCAGGAAAGACACCTCG,AGG,AGAGCAGGAAAGACACCTCGA,0.961780929866036,0.55,67.74016522006389
GCCTGGAAGCACCTCCCAAG,GGG,GCCTGGAAGCACCTCCCAAGG,0.894989960929021,0.65,73.67698405631558
ATTGAGCCAGCATTTACTCC,AGG,ATTGAGCCAGCATTTACTCCA,0.478745791245791,0.45,63.549924285589725
GTATTGCTGGAAGAAGAGCG,GGG,GTATTGCTGGAAGAAGAGCGG,0.956550393070658,0.5,63.7876883607359
ACAGATATAACTGCATCGAC,AGG,ACAGATATAACTGCATCGACA,0.522361166535006,0.4,59.37679576691437
ATTCACTCAAACAAACAAGA,TGG,ATTCACTCAAACAAACAAGAT,0.329035650436428,0.3,54.18864236106447
AGCCCCGGACCAGAATTCGG,AGG,AGCCCCGGACCAGAATTCGGA,0.95441692745151,0.65,73.78236612000802
ATCCCAGCATAATTCGGCAA,AGG,ATCCCAGCATAATTCGGCAAA,0.69354072421557,0.45,64.46886512698046
GCAGTAATGCTTGTATTGCT,TGG,GCAGTAATGCTTGTATTGCTT,0.635806946983546,0.4,60.43424094249093
GGACTCTCAAAAGTTAGATG,TGG,GGACTCTCAAAAGTTAGATGT,0.844154948993658,0.4,57.75553225718903
AGCGGTAGTCCCGATCAACA,TGG,AGCGGTAGTCCCGATCAACAT,0.404217579818683,0.55,69.24520082468302
GTTACTATAATCTGGATGGG,GGG,GTTACTATAATCTGGATGGGG,0.743405032467532,0.4,58.721458298049924
GACCATTAAGTTCTGGTCTT,TGG,GACCATTAAGTTCTGGTCTTT,0.171469137976578,0.4,59.80821005833491
AGCAGAGACATCCCGATCTG,GGG,AGCAGAGACATCCCGATCTGG,0.920035177744428,0.55,67.87065679318414
GCCTTCCCATATCTTGCTCG,TGG,GCCTTCCCATATCTTGCTCGT,0.809313725490196,0.55,67.31092261953421
GGTAGCATCGACCCTAACCG,AGG,GGTAGCATCGACCCTAACCGA,0.907229718474096,0.6,69.72484240733013
AGAAAAAAGGACTACTTGAC,AGG,AGAAAAAAGGACTACTTGACA,0.587329444287814,0.35,56.08018193548281
GGAGGATGGCAAGTGGTATG,GGG,GGAGGATGGCAAGTGGTATGG,0.932635253054101,0.55,68.00497355186542
AGGTACCACAGGACAGCCCG,GGG,AGGTACCACAGGACAGCCCGG,0.923345295055821,0.65,74.39329656046476
GCATCCTAGCCACCATCGCG,GGG,GCATCCTAGCCACCATCGCGG,0.925788975383968,0.65,72.6856066524291
GGTAGCCAGACACATGGCAT,TGG,GGTAGCCAGACACATGGCATT,0.729795532827933,0.55,69.7393161763406
GTGTAGCATTCACACCACCC,TGG,GTGTAGCATTCACACCACCCT,0.950383282579019,0.55,68.14891352782593
AGACCCACTGTGGATAGACG,TGG,AGACCCACTGTGGATAGACGT,0.937758478081058,0.55,68.06102285274392
GATGTCTGAGGTCATAACTG,TGG,GATGTCTGAGGTCATAACTGT,0.797242395002793,0.45,61.19425723866141
GGGGACGTCTTCAACATGCT,TGG,GGGGACGTCTTCAACATGCTT,0.753156963881337,0.55,68.4773546190014
GGGCAGCTGGACACTTGGGA,GGG,GGGCAGCTGGACACTTGGGAG,0.94875,0.65,75.03762600017836
ACGTGGAGTGAGTCTAGGAG,GGG,ACGTGGAGTGAGTCTAGGAGG,0.919225288249773,0.55,67.69623825116696
AAAAGGTATCGTGTATTAGC,AGG,AAAAGGTATCGTGTATTAGCA,0.0855570760634051,0.35,56.01857698872101
ATGGTAGGTACTCTCATGTG,AGG,ATGGTAGGTACTCTCATGTGA,0.915822046581485,0.45,62.917198971676214
GGCGAGAACCATATCGCTCC,TGG,GGCGAGAACCATATCGCTCCT,0.456716952756094,0.6,69.85419472932381
AGACACTGCGGCCAGTACGG,CGG,AGACACTGCGGCCAGTACGGC,0.907702392658144,0.65,73.64259298818274
ACAGGATCCTCATCGATCAG,GGG,ACAGGATCCTCATCGATCAGG,0.859855421686747,0.5,64.83120478679308
AAAGGGTCAATAGAAGGACA,AGG,AAAGGGTCAATAGAAGGACAA,0.62730858884705,0.4,61.351551520718374
ATATGGGACATCAATTCGGA,AGG,ATATGGGACATCAATTCGGAA,0.728260869565217,0.4,61.029906376680515
GCATTAAGGACCTTCCTGCG,GGG,GCATTAAGGACCTTCCTGCGG,0.925657894736842,0.55,67.27264308397292
GTTGTCAGGACGCAATACGT,TGG,GTTGTCAGGACGCAATACGTT,0.714790599198351,0.5,64.71932343289183
GGTAACAATTTGAAACTCGA,GGG,GGTAACAATTTGAAACTCGAG,0.368466635783198,0.35,55.54902196358523
GTAGGTATAGGGATAGTGGT,AGG,GTAGGTATAGGGATAGTGGTA,0.979433878814683,0.45,64.05199786602435
ACAAACTCCTCCATTTCCTG,TGG,ACAAACTCCTCCATTTCCTGT,0.684284776390039,0.45,62.56141651395569
GCCAGTTGTATCGACATCAG,TGG,GCCAGTTGTATCGACATCAGT,0.848912167032791,0.5,63.76089835175014
GAAACCACGACTCAAGGGCC,CGG,GAAACCACGACTCAAGGGCCC,0.587089493339493,0.6,70.14636367422025
GCTAGGATTATCGGCCACCA,TGG,GCTAGGATTATCGGCCACCAT,0.856511702711396,0.55,69.37875485809792
GCTGTTCAACTCCAATACGG,TGG,GCTGTTCAACTCCAATACGGT,0.894176387416048,0.5,63.84144690355322
GAGGTACATTCTCCACACTG,TGG,GAGGTACATTCTCCACACTGT,0.948576085091782,0.5,64.31839017161764
GGCCTGGGGTGGATACAGCG,AGG,GGCCTGGGGTGGATACAGCGA,0.969696969696969,0.7,76.35843600308937
ACACGGACGTGAAACACCGC,TGG,ACACGGACGTGAAACACCGCT,0.897487628473544,0.6,69.84999895350313
ACCACCTCAACCGAGCCATG,TGG,ACCACCTCAACCGAGCCATGT,0.832447832447832,0.6,71.21229410844603
AGGACAGGCCCACGAAGACG,GGG,AGGACAGGCCCACGAAGACGG,0.921201690938354,0.65,73.23430707333114
GCTGCGTTCCTCTCTCTACA,GGG,GCTGCGTTCCTCTCTCTACAG,0.607084781529294,0.55,68.25537965489252
ACTCTTAAGGCCATCCAAGG,AGG,ACTCTTAAGGCCATCCAAGGA,0.848930982745686,0.5,66.24103075455048
AAGGAGGGGATGACCCTTGT,GGG,AAGGAGGGGATGACCCTTGTG,0.264384274928404,0.55,70.75603887248894
GCGGGAGCCCCGGCAGTCCG,GGG,GCGGGAGCCCCGGCAGTCCGG,0.936181912278431,0.85,83.10035305186119
GATTCCACTCATATTCTACG,TGG,GATTCCACTCATATTCTACGT,0.554407883885865,0.4,57.433362701760416
GTGTCCAGGAAGGGAAATGC,TGG,GTGTCCAGGAAGGGAAATGCT,0.70891514500537,0.55,68.03395790442016
GAATGATCCATTCATTGACC,CGG,GAATGATCCATTCATTGACCC,0.552360250860116,0.4,58.81004812696557
ATCTATTGATGCAAGCACGG,TGG,ATCTATTGATGCAAGCACGGT,0.817823008651593,0.45,62.34292759256584
GATACATTCAACCTTCTGCG,AGG,GATACATTCAACCTTCTGCGA,0.817809139784946,0.45,60.6114379684405
AGATCGCTGGAACCTCCATG,TGG,AGATCGCTGGAACCTCCATGT,0.933548626193119,0.55,68.13515074051685
AGATGGACCTCACAAATGCA,AGG,AGATGGACCTCACAAATGCAA,0.765759068898139,0.45,64.47744918865078
AGGTGCGCATTGTCGCCGGG,AGG,AGGTGCGCATTGTCGCCGGGA,0.780668292171359,0.7,76.15029617539602
ATATACCAACAGCTCCCTCA,GGG,ATATACCAACAGCTCCCTCAG,0.819960056390977,0.45,65.02103274445966
AACTGAAACTGTAAGTCACA,AGG,AACTGAAACTGTAAGTCACAA,0.706845238095238,0.35,57.56313655054328
GGGACGTGACACGACCGCTG,CGG,GGGACGTGACACGACCGCTGC,0.905951610292927,0.7,73.84827303790695
GGCTACAGTTGTGACCCCTG,GGG,GGCTACAGTTGTGACCCCTGG,0.920562342721508,0.6,70.73384691326362
GAGCTTGTTGAGCTGACAGT,CGG,GAGCTTGTTGAGCTGACAGTC,0.853195678760953,0.5,65.76746375394055
ACAACCTCGACCCAGATCTG,CGG,ACAACCTCGACCCAGATCTGC,0.756062292648856,0.55,67.81591868631529
GTAAACACCCAGATAACCTA,GGG,GTAAACACCCAGATAACCTAG,0.792183215540879,0.4,60.36914618112161
GTCTGATCTAGATCGAATCA,TGG,GTCTGATCTAGATCGAATCAT,0.578605322880132,0.4,58.9958149197646
ACGCTCAAGGAAGTCGAGCG,GGG,ACGCTCAAGGAAGTCGAGCGG,0.980714285714285,0.6,69.38366865134236
GTACCATGGAGCGTCTTCCG,AGG,GTACCATGGAGCGTCTTCCGA,0.928115615615615,0.6,69.24520082468302
GGTCTCCTCTGATAAACGAG,AGG,GGTCTCCTCTGATAAACGAGA,0.874716670100968,0.5,63.47727772485439
AAGTCTACAAACACAGCCCG,GGG,AAGTCTACAAACACAGCCCGG,0.914626343385842,0.5,65.11229242290233
AGGAATGCCGTCCTCGAGGG,AGG,AGGAATGCCGTCCTCGAGGGA,0.82258064516129,0.65,73.45384797011923
GCTTGGGCTTGCGTGCGAAG,GGG,GCTTGGGCTTGCGTGCGAAGG,0.592761252228163,0.65,72.48234052704049
GAGCGATGTGCCGTTCACCC,TGG,GAGCGATGTGCCGTTCACCCT,0.733761125440057,0.65,72.38540118086416
GTCCTTGTGTGTTATATGCA,GGG,GTCCTTGTGTGTTATATGCAG,0.90602368178665,0.4,60.30302197669863
GAACTCAAGGAACCTCCACA,AGG,GAACTCAAGGAACCTCCACAA,0.863636363636363,0.5,65.81552497639916
GCGGACCGTACCCGGTACTC,CGG,GCGGACCGTACCCGGTACTCC,0.55831257972423,0.7,75.17153945477497
GATCCGGGCATCCCTAACTA,CGG,GATCCGGGCATCCCTAACTAC,0.742254474357046,0.55,69.27892958104235
ATGAGGAAGAGTCCAAACAG,TGG,ATGAGGAAGAGTCCAAACAGT,0.95865507123277,0.45,62.352052829545244
GCAGTCTTCAAGTTGAAGCA,AGG,GCAGTCTTCAAGTTGAAGCAA,0.756493506493506,0.45,62.74830265948293
GGGGTCAGACTTCCACAGTG,GGG,GGGGTCAGACTTCCACAGTGG,0.98125,0.6,70.14869789966912
AACCTATGGCAAACAATACA,AGG,AACCTATGGCAAACAATACAA,0.364985612600333,0.35,58.51689499080885
ATCTGCACATTTGACTAGGA,TGG,ATCTGCACATTTGACTAGGAT,0.616578323123387,0.4,61.39129835983937
ATATATGCTGAACAAACCTG,TGG,ATATATGCTGAACAAACCTGT,0.797419354838709,0.35,56.50459795030366
GAAACAAATACGGCGCATTG,CGG,GAAACAAATACGGCGCATTGC,0.557392731184552,0.45,60.05291554661699
GTACAAGTACATGTTTCAGA,AGG,GTACAAGTACATGTTTCAGAA,0.286754758533899,0.35,56.50719400148989
GCACCACGCTTACGACACCG,TGG,GCACCACGCTTACGACACCGT,0.857748414583865,0.65,71.55886351327752
ATCCACTGTCCCAAGCCGGT,AGG,ATCCACTGTCCCAAGCCGGTA,0.711538461538461,0.6,73.0277509998345
AGCTGACAAGACGTTATCAG,GGG,AGCTGACAAGACGTTATCAGG,0.923480270174191,0.45,61.65537913828456
GGGGAGCGGCACGAGCAACG,TGG,GGGGAGCGGCACGAGCAACGT,0.924213256797959,0.75,77.37675825323373
GTGCCATATGGCAAACGGTG,AGG,GTGCCATATGGCAAACGGTGA,0.904302261445118,0.55,67.51836933454592
AGAAGGGTTGCGTTTAGCAG,AGG,AGAAGGGTTGCGTTTAGCAGA,0.826167646149087,0.5,65.30857522911401
AAAGCTTCAGCGCCTGCTCC,TGG,AAAGCTTCAGCGCCTGCTCCT,0.344199243379571,0.6,71.82144159740722
AGAAAGACAAAATTGGCCTG,AGG,AGAAAGACAAAATTGGCCTGA,0.813341335623039,0.4,59.35702711337598
AAGGAACCTGCGGTCCTCAT,GGG,AAGGAACCTGCGGTCCTCATG,0.658325003569898,0.55,69.96708323025064
ACCTCATGCGGTCCGAGGCC,CGG,ACCTCATGCGGTCCGAGGCCC,0.432200275608635,0.7,76.69558048555905
AGCCTCCTGCTCCTCAGTAG,TGG,AGCCTCCTGCTCCTCAGTAGT,0.909054054054054,0.6,71.89175821878655
GGTTGTCGTGAACACAACCA,AGG,GGTTGTCGTGAACACAACCAA,0.293170559094126,0.5,65.10060897484385
AATATCAGAGAAGTTACGAA,AGG,AATATCAGAGAAGTTACGAAA,0.55054945054945,0.3,53.60270888383985
GCTGAAGAACTTCCTACGGG,AGG,GCTGAAGAACTTCCTACGGGA,0.862336084876428,0.55,66.87608266813135
AGGGTTCCGCAGTCGAACAA,AGG,AGGGTTCCGCAGTCGAACAAA,0.868798043326345,0.55,68.97106815264897
GCACTTGCAGGAGCTGGCGC,AGG,GCACTTGCAGGAGCTGGCGCA,0.759999518530555,0.7,76.24482362730168
AGTGCTCCGTGATGCAGCGG,CGG,AGTGCTCCGTGATGCAGCGGC,0.872832427284631,0.65,73.43320256505064
GAGCGCGGTCAGCTCTATGA,GGG,GAGCGCGGTCAGCTCTATGAG,0.542352714175456,0.6,70.75892577316887
GAAGAGTCGGACGTTGCCCT,GGG,GAAGAGTCGGACGTTGCCCTG,0.567153455225188,0.6,70.52636660594777
GTGCTTGTCACCCTCCCTGC,CGG,GTGCTTGTCACCCTCCCTGCC,0.694411033028368,0.65,73.72069162704537
ACCTGCAAGGCTCTGATCTG,AGG,ACCTGCAAGGCTCTGATCTGA,0.921141768547982,0.55,68.76347779814063
AGGCATGGAGACTGTTCTGT,TGG,AGGCATGGAGACTGTTCTGTT,0.534513702478307,0.5,67.32507235983428
ATCCGGGCGTCCAGGGTTCG,AGG,ATCCGGGCGTCCAGGGTTCGA,0.534330057779089,0.7,75.89727320448799
GGTACTACGAGGCCAACTAC,TGG,GGTACTACGAGGCCAACTACT,0.790415210102019,0.55,67.76446876008845
GATCGGGGTCAAGAAGCGGG,TGG,GATCGGGGTCAAGAAGCGGGT,0.799716121320782,0.65,72.20088147444005
GGAAACATTGATGGCTAGGT,GGG,GGAAACATTGATGGCTAGGTG,0.566110250674009,0.45,63.538823695896156
GTCGCCCTTCCATGGGACAG,TGG,GTCGCCCTTCCATGGGACAGT,0.853840579710144,0.65,72.82366398132291
GGAAGGAATTCCATTATCTT,CGG,GGAAGGAATTCCATTATCTTC,0.128643390654854,0.35,56.886974911962454
ACTTCATGAAGACGCATGAC,AGG,ACTTCATGAAGACGCATGACA,0.520255863539445,0.45,62.084622708957966
ACAATTTAGCTGATTCGGCG,AGG,ACAATTTAGCTGATTCGGCGA,0.459822069163438,0.45,61.38762656130734
GAGCCATAACGAGTCGTCCA,GGG,GAGCCATAACGAGTCGTCCAG,0.920025623336946,0.55,67.69672164469802
GTGGCATACTGGAGTCACTG,AGG,GTGGCATACTGGAGTCACTGA,0.909449385789923,0.55,67.51424009861063
ATACCAACTTCACAACAGCT,GGG,ATACCAACTTCACAACAGCTG,0.554697690816146,0.4,61.30212057033452
AAGTATCATCAAATACAACT,CGG,AAGTATCATCAAATACAACTC,0.497440707295438,0.25,51.06420346390587
GCAGAGCCACATTTAACCAG,AGG,GCAGAGCCACATTTAACCAGA,0.826789498469507,0.5,64.81092655707289
GGGACAAGGCCACACGCAGG,CGG,GGGACAAGGCCACACGCAGGC,0.866877356398314,0.7,75.83480768570917
GCTGGGTTATCAAACTGCAA,AGG,GCTGGGTTATCAAACTGCAAA,0.502036681281448,0.45,63.47535081783508
AAGGTCCTGCGGTTTACAGA,TGG,AAGGTCCTGCGGTTTACAGAT,0.821791977010146,0.5,66.9449682206158
GTACTAGTGTTGAACAGCTG,TGG,GTACTAGTGTTGAACAGCTGT,0.945324697478127,0.45,61.169376807927335
GTGGCCGACTTCTTGCAGTG,GGG,GTGGCCGACTTCTTGCAGTGG,0.87538404175988,0.6,69.68435399287722
GGGGACACCACATTAGAAGG,AGG,GGGGACACCACATTAGAAGGA,0.902435937994305,0.55,67.88147074961387
GTGCTTCCGGAGCGAACGCG,AGG,GTGCTTCCGGAGCGAACGCGA,0.875604113463492,0.7,73.65381741800843
GCCAGGGTAGGACCACACCA,AGG,GCCAGGGTAGGACCACACCAA,0.906926406926406,0.65,75.28870939382688
ATCCTGGCTGTCGAGAAGGA,GGG,ATCCTGGCTGTCGAGAAGGAG,0.919982847341338,0.55,69.52744866664398
GCCTTGCGTTCCGAGGAGGA,CGG,GCCTTGCGTTCCGAGGAGGAC,0.911945542380324,0.65,73.6117924714008
AGCCATGCACTCTGTAGTTT,GGG,AGCCATGCACTCTGTAGTTTG,0.116020305592043,0.45,64.65019042880789
AGTACTTCCCGGCTCCATCT,CGG,AGTACTTCCCGGCTCCATCTC,0.44695711791235,0.55,70.16265230974818
GAAGGCCCAAGTTCCACGCA,CGG,GAAGGCCCAAGTTCCACGCAC,0.925890751899397,0.6,71.63291009000841
AAAGCAGAGTGCATACATAA,TGG,AAAGCAGAGTGCATACATAAT,0.216822031974794,0.35,58.34192298727851
GCAGCGCACCGCCGTGGCGT,TGG,GCAGCGCACCGCCGTGGCGTT,0.738962125967775,0.8,81.41267228192072
GCACAGGAGGGCATTTATCC,TGG,GCACAGGAGGGCATTTATCCT,0.0826923076923077,0.55,68.6036759509933
AGGACATGAGCCGATCACTG,CGG,AGGACATGAGCCGATCACTGC,0.894568217367934,0.55,67.93789219784537
ATTTCCGTATCCAATATTGT,GGG,ATTTCCGTATCCAATATTGTG,0.0934371942500188,0.3,54.191505378997874
AAAGCCAGAAACAAGTTGAC,GGG,AAAGCCAGAAACAAGTTGACG,0.533174094560933,0.4,59.55561844995617
GTGTAACTGAGAGGCGCTGT,AGG,GTGTAACTGAGAGGCGCTGTA,0.807498585172609,0.55,68.45767275981723
GGTGGCCAAGCAGCACGGGA,AGG,GGTGGCCAAGCAGCACGGGAA,0.92384550797649,0.7,77.45087849692146
AATCAGGATAGGCCAGAGGC,CGG,AATCAGGATAGGCCAGAGGCC,0.559487179487179,0.55,69.81510322099416
GCCAAGCTGGCTATCCGCGT,GGG,GCCAAGCTGGCTATCCGCGTG,0.802332993370729,0.65,74.58884490318422
AGAAGACAGTCACCACTCTG,TGG,AGAAGACAGTCACCACTCTGT,0.886445260646138,0.5,65.09284491897245
GGGTTTCTGTTTCTTTAATG,AGG,GGGTTTCTGTTTCTTTAATGA,0.41860465116279,0.35,54.446699147011884
GAGCCGACGCCCCTTCACTG,GGG,GAGCCGACGCCCCTTCACTGG,0.939735845513442,0.7,74.91824130080272
GGGCCGATGTCACCGAGTGG,AGG,GGGCCGATGTCACCGAGTGGA,0.910559678416821,0.7,74.90052391149112
GGCCTACAGCGAGACCATCG,TGG,GGCCTACAGCGAGACCATCGT,0.931358246362174,0.65,72.27964235311327
GCCTGAAACAGCATACCAGG,TGG,GCCTGAAACAGCATACCAGGT,0.893878718535469,0.55,68.00044418986931
AAGTACCTCCCAGCATCCTT,AGG,AAGTACCTCCCAGCATCCTTA,0.406936005681369,0.5,67.96607495202915
AGGCGATCACGTAGCCCGGG,GGG,AGGCGATCACGTAGCCCGGGG,0.895725108225108,0.7,76.26158798346216
GTCTGCTCTGACCAGAGCTG,TGG,GTCTGCTCTGACCAGAGCTGT,0.88683574879227,0.6,69.92786304216776
GGATCCTCTAGGCCACAACG,AGG,GGATCCTCTAGGCCACAACGA,0.906702898550724,0.6,70.07050276646896
ATTGAAGACGTCATTGCCCA,GGG,ATTGAAGACGTCATTGCCCAG,0.755514705882352,0.45,63.77053091785615
GATGGTTCGGAGCTTTGAGA,CGG,GATGGTTCGGAGCTTTGAGAC,0.658974358974359,0.5,65.2168675774206
GTGTAGCACTACGTCCGGGT,CGG,GTGTAGCACTACGTCCGGGTC,0.875,0.6,71.14149196241408
AGTCAGTTGGTGTAAAGTTG,AGG,AGTCAGTTGGTGTAAAGTTGA,0.890198744769874,0.4,59.10940186222405
GGGCTCCGGAAATTACTCGG,GGG,GGGCTCCGGAAATTACTCGGG,0.941554467564259,0.6,69.67849450869426
GTTCCTGCTCAGAAACCATG,GGG,GTTCCTGCTCAGAAACCATGG,0.862286906548272,0.5,64.34273118834966
ACATCCAGAAGACCCATGAG,CGG,ACATCCAGAAGACCCATGAGC,0.787345902828136,0.5,65.68149377968547
ATCTCCTACACAGCCGACAT,CGG,ATCTCCTACACAGCCGACATC,0.789233893493983,0.5,66.95050407112961
AGAGTCATAGCGTTAGGAGT,GGG,AGAGTCATAGCGTTAGGAGTG,0.885814665209642,0.45,63.76133138964042
GTTAGCGGTGGACCGCCCTG,CGG,GTTAGCGGTGGACCGCCCTGC,0.864341692789968,0.7,75.56690076130957
GCAACAGGAGCAGCAGCCTG,GGG,GCAACAGGAGCAGCAGCCTGG,0.704073638856247,0.65,73.58261509734439
GCTTATTGCCCTAAATACTG,GGG,GCTTATTGCCCTAAATACTGG,0.605866571980905,0.4,58.73927343779059
GTTTATGGAGCCTACATCTT,GGG,GTTTATGGAGCCTACATCTTG,0.210570907194994,0.4,60.306137194996325
GGTTAGAAACGTACCGAGAG,GGG,GGTTAGAAACGTACCGAGAGG,0.975284896164747,0.5,62.85753088310497
ACCTCCATTTCCAGTAAGCA,TGG,ACCTCCATTTCCAGTAAGCAT,0.77255835083486,0.45,64.72922725731621
GCATAGCAACCTGCTCGTCG,TGG,GCATAGCAACCTGCTCGTCGT,0.81333577820022,0.6,69.37384631085257
ACTCACGATGTAGGTACACA,TGG,ACTCACGATGTAGGTACACAT,0.40319655828433,0.45,63.66085200026953
GTTGCTGAAAGGCTGCAAAA,CGG,GTTGCTGAAAGGCTGCAAAAC,0.187342283475818,0.45,63.18731681863403
AGCATCTGTAGGTTCCTCCG,TGG,AGCATCTGTAGGTTCCTCCGT,0.939492954117588,0.55,68.288752799576
ATCGCCCTGAAGTCTGGCTA,TGG,ATCGCCCTGAAGTCTGGCTAT,0.839934134401424,0.55,70.10184612454776
GTCCTTAGAACCCGTAAAGT,AGG,GTCCTTAGAACCCGTAAAGTA,0.83266129032258,0.45,62.450518225732196
AAGGAGAGCTGGATACAGCT,CGG,AAGGAGAGCTGGATACAGCTC,0.84017094017094,0.5,67.7195195594079
GACGGCTAGAGTCTAGGACG,TGG,GACGGCTAGAGTCTAGGACGT,0.934412769311613,0.6,69.06464653441196
AGGGAAGTGAAGGAGCACGT,GGG,AGGGAAGTGAAGGAGCACGTG,0.883048398007502,0.55,69.66895376519176
GCCGATCACCACGTGCCAGG,AGG,GCCGATCACCACGTGCCAGGA,0.660822021116138,0.7,75.0192201807659
GGATCAAGACACATTTGGAG,AGG,GGATCAAGACACATTTGGAGA,0.830493115217135,0.45,61.196977190527775
ACTGCCAGAGAGAGACTACG,GGG,ACTGCCAGAGAGAGACTACGG,0.8322519252899,0.55,67.72013490665256
GTATACTCCATCGCAGACCG,AGG,GTATACTCCATCGCAGACCGA,0.95003638127577,0.55,66.41213454503702
GAATCCCAAATTCCACCAGG,AGG,GAATCCCAAATTCCACCAGGA,0.94443658484827,0.5,64.794316010942
AGGTGACAGCCTTTGGACGT,GGG,AGGTGACAGCCTTTGGACGTG,0.867591008673209,0.55,69.73971485110434
GAGATCGAAAGACCCATACT,GGG,GAGATCGAAAGACCCATACTG,0.568242675627428,0.45,62.29249578480653
ATTCAGTCTTCTTAACTGAG,AGG,ATTCAGTCTTCTTAACTGAGA,0.534634587412037,0.35,55.61420440543469
AAGCTCTACTGCCAGGACGA,CGG,AAGCTCTACTGCCAGGACGAC,0.897215165135821,0.55,69.80492889977137
GGGGTTGGTGTGTGCTGGAT,TGG,GGGGTTGGTGTGTGCTGGATT,0.705570986248975,0.6,72.4014605079035
GGTTGGGCCAGTGTTGGAAG,TGG,GGTTGGGCCAGTGTTGGAAGT,0.879334700387332,0.6,70.76160145702812
ATTTCTTACCTGCAATTAGG,AGG,ATTTCTTACCTGCAATTAGGA,0.0612953336617834,0.35,56.3541804520662
AAATACACCACATAATAGAG,AGG,AAATACACCACATAATAGAGA,0.824258986756359,0.3,52.890712812240395
GGGGTGAAAAAAAGTCTTGG,TGG,GGGGTGAAAAAAAGTCTTGGT,0.877333990795529,0.45,61.24376912247436
GCAGAAGCGTAGTCGGCCAG,AGG,GCAGAAGCGTAGTCGGCCAGA,0.804942810457516,0.65,72.3369411549333
AGTCAGGGCGCACAAACCCC,AGG,AGTCAGGGCGCACAAACCCCA,0.93076923076923,0.65,74.76349900762352
ACGCCGCCCATGGCTACAAC,TGG,ACGCCGCCCATGGCTACAACT,0.249274239371868,0.65,74.61963751969068
GGGACACACTCCCTTGCTCA,TGG,GGGACACACTCCCTTGCTCAT,0.529576338928856,0.6,71.85486622179286
ACCACGAGCTCAACCCCATG,CGG,ACCACGAGCTCAACCCCATGC,0.827387914230019,0.6,71.21229410844597
GTTGAAGCAAAAGGCATCAA,AGG,GTTGAAGCAAAAGGCATCAAA,0.570341317644861,0.4,59.93358763057603
GGTGTCCGAGGCAAGTGGCA,GGG,GGTGTCCGAGGCAAGTGGCAG,0.854454022988505,0.65,74.27776536270358
GAGCTCCTGTAATAAGAATG,TGG,GAGCTCCTGTAATAAGAATGT,0.835588972431077,0.4,58.22703902232945
ACTGTGGAGCGTATTCATGT,GGG,ACTGTGGAGCGTATTCATGTG,0.545576664747649,0.45,63.821468298999605
GGCCACGCCATCCTACCACT,GGG,GGCCACGCCATCCTACCACTG,0.430378483570769,0.65,75.01834935621133
GCTTATCGATGTATGATGCG,GGG,GCTTATCGATGTATGATGCGG,0.938807429130009,0.45,60.30449190261396
GAATCATGTAACTCAGCTTG,TGG,GAATCATGTAACTCAGCTTGT,0.735113960113959,0.4,58.017169705467666
GTATTATGTCCGCCTCTTCA,CGG,GTATTATGTCCGCCTCTTCAC,0.416246992333948,0.45,62.73754811818998
ATGTATATAATGCCTTAAGG,TGG,ATGTATATAATGCCTTAAGGT,0.79881153253613,0.3,53.37750259790323
ACGCGGCCTGAACGATCTAT,CGG,ACGCGGCCTGAACGATCTATC,0.353354551599819,0.55,68.80945738667015
ATGATCCAGAAAACTGTCCG,GGG,ATGATCCAGAAAACTGTCCGG,0.931857795408102,0.45,61.75882746652388
ACACAGTAATCATGTCACGA,AGG,ACACAGTAATCATGTCACGAA,0.593701007838745,0.4,60.36070934437555
ACAAATCTGTACAGATGATG,AGG,ACAAATCTGTACAGATGATGA,0.770211038961039,0.35,56.140440760463264
ACGCCAAGTTCGACCAGTAC,AGG,ACGCCAAGTTCGACCAGTACA,0.525119085423944,0.55,67.78890909910632
AAAGGAATTTGCTTGTTCCA,GGG,AAAGGAATTTGCTTGTTCCAG,0.305283441945203,0.35,57.96028522855903
GCAGCGACCCGAACCTAGCT,CGG,GCAGCGACCCGAACCTAGCTC,0.35851454127166,0.65,74.16936654715215
GTGCTGGGTTTGTCTCTGCT,GGG,GTGCTGGGTTTGTCTCTGCTG,0.86477832226972,0.55,69.10442324400822
AAGCTCGCGGCCCAACAGGT,AGG,AAGCTCGCGGCCCAACAGGTA,0.896174407953026,0.65,75.55334939324882
GGCATGGAATACGGAGCCCG,GGG,GGCATGGAATACGGAGCCCGG,0.90285933844107,0.65,72.89285624848054
AAATTCACTCTAGTGCTTTA,TGG,AAATTCACTCTAGTGCTTTAT,0.0707588707588707,0.3,54.443333266806235
GAAGAAGGTCCGTAAATACT,GGG,GAAGAAGGTCCGTAAATACTG,0.476129115392049,0.4,59.09832838834575
GGATATAACTGAGAACCTCG,AGG,GGATATAACTGAGAACCTCGA,0.961009933774834,0.45,60.67473071503372
GAGCAAGCTCCTCCTTCAGG,AGG,GAGCAAGCTCCTCCTTCAGGA,0.800072568940493,0.6,70.35866938074804
GAAGCAAGTCCTCGTGTACA,AGG,GAAGCAAGTCCTCGTGTACAA,0.368212858094603,0.5,65.20773787734396
AACAGCAATCACAAGGCGGG,CGG,AACAGCAATCACAAGGCGGGC,0.83361101864181,0.55,68.47771610471409
GATTCGAACTGCACTTCTGG,AGG,GATTCGAACTGCACTTCTGGA,0.830482897384305,0.5,63.40632522202225
GTTGGTTCCTGTACCCACGG,AGG,GTTGGTTCCTGTACCCACGGA,0.867916312229108,0.6,70.10429420183306
ACTCACTATCCGAGGGTCGA,GGG,ACTCACTATCCGAGGGTCGAG,0.46015913820541,0.55,68.87016680065807
GATATACCAGCATAACTAGG,TGG,GATATACCAGCATAACTAGGT,0.696646659335812,0.4,58.894833256032086
GTCAGTGCATGACAGAACTT,GGG,GTCAGTGCATGACAGAACTTG,0.657599474577198,0.45,62.72643454097698
AGAAGTCCTGCATTTGGATG,AGG,AGAAGTCCTGCATTTGGATGA,0.802653075547878,0.45,62.72640052141992
ACACAACCTGGTACACAAAG,GGG,ACACAACCTGGTACACAAAGG,0.765143729520405,0.45,62.589175999780025
GGTACACATGGTACCCGCCT,GGG,GGTACACATGGTACCCGCCTG,0.0732036067300839,0.6,72.33387223692228
ATCCGGGTAACGCGTCAATG,TGG,ATCCGGGTAACGCGTCAATGT,0.895241977927882,0.55,67.14395644564331
AGATTCACCTAATATACTGA,AGG,AGATTCACCTAATATACTGAA,0.73342175066313,0.3,54.99606129039108
GTGCACGGCAAAGCGCCGGA,AGG,GTGCACGGCAAAGCGCCGGAA,0.803291536050156,0.7,76.27169633768864
ACCGAGGAACATCTATGGCA,TGG,ACCGAGGAACATCTATGGCAT,0.852640460591622,0.5,67.09541180659409
AGTACATTACCCCTGCGAAG,AGG,AGTACATTACCCCTGCGAAGA,0.782694266634807,0.5,65.5898233252849
ACAGAACTGTACAACTCGTG,TGG,ACAGAACTGTACAACTCGTGT,0.875598086124401,0.45,61.40662829757406
ACACCTCAGGAAGAAGCGTG,AGG,ACACCTCAGGAAGAAGCGTGA,0.908077154912598,0.55,67.80868179967064
GGATAAAGACTGAGCTCTCT,TGG,GGATAAAGACTGAGCTCTCTT,0.363125184965966,0.45,62.88759591141894
GGTAACTGTGCCTATTCGAG,GGG,GGTAACTGTGCCTATTCGAGG,0.808761442181954,0.5,63.9941718596171
GTCATAATCATTATCTGATA,GGG,GTCATAATCATTATCTGATAG,0.252918946126362,0.25,50.38780765026854
GTTCAACGACCAGAGTGCCT,CGG,GTTCAACGACCAGAGTGCCTC,0.376175801265368,0.55,68.18241140087724
AGCCATGCTGCCGGCGACAG,AGG,AGCCATGCTGCCGGCGACAGA,0.797272550165595,0.7,76.69239331785951
AAACCAACTCTACTTGTGGT,AGG,AAACCAACTCTACTTGTGGTA,0.613401317253522,0.4,61.12201531737412
GGAACTGTACGAGATAGGCG,GGG,GGAACTGTACGAGATAGGCGG,0.892847679612385,0.55,66.2949981729314
GACAGGTACTGTCTTCTGGT,AGG,GACAGGTACTGTCTTCTGGTA,0.686741401743926,0.5,65.89314111177629
AAACTGTAAGTGCTTTGGAT,GGG,AAACTGTAAGTGCTTTGGATG,0.558812838164439,0.35,57.92679166294016
GTCACGTGGCACAAGCGCGG,GGG,GTCACGTGGCACAAGCGCGGG,0.610622352557836,0.7,74.3355488919733
GGAGTCAGAAGAGTGGAGTC,GGG,GGAGTCAGAAGAGTGGAGTCG,0.943527204502814,0.55,67.14276963478642
ACCAGCAAACAGATCTCCCA,GGG,ACCAGCAAACAGATCTCCCAG,0.943617314965629,0.5,67.46621005176519
AAAGCGTGACCACAGATGAG,TGG,AAAGCGTGACCACAGATGAGT,0.592609867330016,0.5,64.77944466275511
ATTTCCAAGTCGTTTCTATG,TGG,ATTTCCAAGTCGTTTCTATGT,0.0894706922119177,0.35,55.07205308520497
GCAGGGCTACGGTGCCGGGC,CGG,GCAGGGCTACGGTGCCGGGCC,0.718094479830148,0.8,81.85984559612825
GGAGCAATGAGCTTGAACAC,GGG,GGAGCAATGAGCTTGAACACG,0.934025133282559,0.5,64.77580962044249
ATCATGATTAAAGTGCGCGT,GGG,ATCATGATTAAAGTGCGCGTG,0.587406793703396,0.4,59.9905569730999
ACTTTGGTACCTGGTCTGTA,GGG,ACTTTGGTACCTGGTCTGTAG,0.41599597585513,0.45,64.6330260741808
GGATCCCATTCGACCCTTAT,GGG,GGATCCCATTCGACCCTTATG,0.142410195440577,0.5,66.0462958422969
ATGGTTTAGAGTTACACCCT,GGG,ATGGTTTAGAGTTACACCCTG,0.678051865907653,0.4,61.57347649468244
AGGCCTCCATGAACAGCGTG,GGG,AGGCCTCCATGAACAGCGTGG,0.802176696542893,0.6,71.24698215234764
GAAGAACTGGTGGATCACAC,TGG,GAAGAACTGGTGGATCACACT,0.883423913043478,0.5,64.52087547376033
GGCTCACTGCTTATATTCCG,AGG,GGCTCACTGCTTATATTCCGA,0.955685208262528,0.5,64.31698504228962
GGCTCGAGGGCTTGTCCGAG,AGG,GGCTCGAGGGCTTGTCCGAGA,0.703189215524489,0.7,74.84382114456747
ATGTGCTCACAGTATGACTG,GGG,ATGTGCTCACAGTATGACTGG,0.88004927705375,0.45,62.63590202845171
GCTGGTCCAAGACATCCCCC,AGG,GCTGGTCCAAGACATCCCCCA,0.865133232780291,0.65,73.89227760514967
ACTGCTCTACCATGACGACG,AGG,ACTGCTCTACCATGACGACGA,0.828720286551611,0.55,67.24240087769408
GCTTCCAGGTCGTGTAGTCG,CGG,GCTTCCAGGTCGTGTAGTCGC,0.802150537634408,0.6,68.94779984965089
ATACACATGACCCACGGGAG,GGG,ATACACATGACCCACGGGAGG,0.809016393442622,0.55,68.42696774212516
GTACCAAATTCCCAAGTCAG,AGG,GTACCAAATTCCCAAGTCAGA,0.826617327761305,0.45,61.41478201692655
ACAAGAGGACGGTCTTCTTT,TGG,ACAAGAGGACGGTCTTCTTTT,0.119007910758908,0.45,63.23575668164892
ATAATTCCTAAGTCACTCTG,TGG,ATAATTCCTAAGTCACTCTGT,0.879485829604281,0.35,56.08018193548281
GATGTACAAAAACGTCCCCC,CGG,GATGTACAAAAACGTCCCCCC,0.93156002875629,0.5,64.42906901182988
AGCATCGGAATATTTAGCGA,TGG,AGCATCGGAATATTTAGCGAT,0.468518476432889,0.4,60.24376993499669
GAAATGTAGAGGAAGACCCC,AGG,GAAATGTAGAGGAAGACCCCA,0.933035714285714,0.5,65.00366563052114
AGTAAATCCCCAGCACAACG,TGG,AGTAAATCCCCAGCACAACGT,0.715958291239717,0.5,65.42247005667394
GCTGGCCCTATACAAATCCT,TGG,GCTGGCCCTATACAAATCCTT,0.746903034513654,0.5,67.22180688666731
GGGCAAGATCAAGCTACCCA,AGG,GGGCAAGATCAAGCTACCCAA,0.899757835421226,0.55,69.71938204752621
GCACTGCCCAGGCTTAAAGG,TGG,GCACTGCCCAGGCTTAAAGGT,0.806984008578488,0.6,71.33954725312697
ACCGCTTATCTGTAAACTGC,AGG,ACCGCTTATCTGTAAACTGCA,0.573087478559176,0.45,62.69609960023911
ACCTGCCATGAAGATAGACT,GGG,ACCTGCCATGAAGATAGACTG,0.623635730367827,0.45,64.63858435496542
AGAAGCAGTCTCAAGAACAT,CGG,AGAAGCAGTCTCAAGAACATC,0.654794422081656,0.4,60.8504410758552
AGGACCTGAGGACTCAACTA,GGG,AGGACCTGAGGACTCAACTAG,0.93142424985692,0.5,67.25408894854229
AACGGGACAACTGCTAATGA,TGG,AACGGGACAACTGCTAATGAT,0.836676116229624,0.45,63.84144690355322
GCCTCTTTGGTGTTGATGGG,TGG,GCCTCTTTGGTGTTGATGGGT,0.8677287185293,0.55,67.72813427621793
AGATACCGATTATCTTCCGC,AGG,AGATACCGATTATCTTCCGCA,0.679896072553662,0.45,62.04573927067008
GTGGAAGATCATCTACACGG,AGG,GTGGAAGATCATCTACACGGA,0.985713556814123,0.5,63.68555189964127
GGGACCACAACAGACTCGAC,AGG,GGGACCACAACAGACTCGACA,0.783621960206337,0.6,69.62204964122901
AAGAAGAGTTACCTCAGCGG,CGG,AAGAAGAGTTACCTCAGCGGC,0.910715035238542,0.5,64.97658577076692
ACCCGGGCAAGGATTCTGAG,AGG,ACCCGGGCAAGGATTCTGAGA,0.929066478076379,0.6,71.3716950322044
AGCGAGGAGACCTATCGTGG,GGG,AGCGAGGAGACCTATCGTGGG,0.915492957746478,0.6,70.45407993278235
GATGTCACCTACCTGTTGAG,GGG,GATGTCACCTACCTGTTGAGG,0.861956844328835,0.5,64.3183901716177
AGACCGGAAAAGTTTGCAGA,AGG,AGACCGGAAAAGTTTGCAGAA,0.411434547338527,0.45,63.4789703773003
GTCAGCAGCAGCGTACTACA,CGG,GTCAGCAGCAGCGTACTACAC,0.881748746010032,0.55,68.6685763356536
ATCATCTCGACAACAAATGG,AGG,ATCATCTCGACAACAAATGGA,0.85992596921878,0.4,58.58588218635799
GGGGCCGAGTATAGCCCCTG,TGG,GGGGCCGAGTATAGCCCCTGT,0.1310771632471,0.7,76.88206457735765
GAACAAGTTTGTCTCCATCC,AGG,GAACAAGTTTGTCTCCATCCA,0.37543411685991,0.45,61.49287473680312
GACCACATTAACTGACACAC,AGG,GACCACATTAACTGACACACA,0.838457529963522,0.45,61.611921358739494
GGTAAGGCAGAGGCTCCCTG,AGG,GGTAAGGCAGAGGCTCCCTGA,0.946828445904022,0.65,73.89579952290336
AGTAACTGATTCCATCAAGA,AGG,AGTAACTGATTCCATCAAGAA,0.632462919107565,0.35,57.9656420498531
GAATCATCAAGTTCACACTC,TGG,GAATCATCAAGTTCACACTCT,0.416341829085457,0.4,58.21558359462051
GTCAACACATCTGGACAAGC,AGG,GTCAACACATCTGGACAAGCA,0.375592570438881,0.5,64.5979056903708
ATGTACAGGCAGAAAACGAG,AGG,ATGTACAGGCAGAAAACGAGA,0.800653594771241,0.45,61.860146862757574
GTACCGATAATAGCTGCCCA,GGG,GTACCGATAATAGCTGCCCAG,0.920878404993485,0.5,66.47665532059506
AGAACAGATGCCTCTAAAAT,GGG,AGAACAGATGCCTCTAAAATG,0.36875,0.35,58.02083575657633
GACGTGAAGGTGATCACTGT,GGG,GACGTGAAGGTGATCACTGTG,0.869855634561516,0.5,64.94663868540471
AGGTTAACTGCCTCATATGT,GGG,AGGTTAACTGCCTCATATGTG,0.46600592239017,0.4,61.751823863002414
ATTTGCGGTGCATGTCGATC,TGG,ATTTGCGGTGCATGTCGATCT,0.0881453663219397,0.5,64.94582253375302
ACGACTCTGGAACAGAGCTG,GGG,ACGACTCTGGAACAGAGCTGG,0.899167484863361,0.55,67.54509058480056
ACGGGAGGAGAGGAGTGAGG,AGG,ACGGGAGGAGAGGAGTGAGGA,0.921636085626911,0.65,73.58177606542779
GCCACTGCCAAGGCAACCGA,TGG,GCCACTGCCAAGGCAACCGAT,0.817959133861013,0.65,74.6510203400884
GAAGATATCAGTCTTCACTT,CGG,GAAGATATCAGTCTTCACTTC,0.579445242441757,0.35,56.34621970237026
GGACCTTTGACATCAACTTG,CGG,GGACCTTTGACATCAACTTGC,0.793523191299375,0.45,61.08777951966181
GGAGATTGCCAAGGTCACCG,AGG,GGAGATTGCCAAGGTCACCGA,0.6763320051999,0.6,69.8785701592792
ATGCTGTGGCCGTTACAATG,GGG,ATGCTGTGGCCGTTACAATGG,0.869152542372881,0.5,65.63686603855501
GAGCCGCTATGACATCGCCC,TGG,GAGCCGCTATGACATCGCCCT,0.910393055599158,0.65,72.92159964059152
GATGAACTTTGACATCCCTG,AGG,GATGAACTTTGACATCCCTGA,0.772777017783857,0.45,61.19697719052772
ACAAGAAGAATTGCACATGA,AGG,ACAAGAAGAATTGCACATGAA,0.692139355742297,0.35,57.91208407676385
GCTCGCTCGCACCTATTGCT,TGG,GCTCGCTCGCACCTATTGCTT,0.321557194306293,0.6,71.26984127222443
GTCTGCGTACTTCCAGACCA,GGG,GTCTGCGTACTTCCAGACCAG,0.878222996515679,0.55,68.29791554615645
AGCCATGGGGGTTGCAACTG,TGG,AGCCATGGGGGTTGCAACTGT,0.774679943100995,0.6,72.4392791166361
AGTCCAAGGGAAACTGAAGT,GGG,AGTCCAAGGGAAACTGAAGTG,0.684096224523889,0.45,64.19432730653057
ACGGCTCATCAGTCATTACT,TGG,ACGGCTCATCAGTCATTACTT,0.291393143690736,0.45,63.7562324382925
AAATGCCAGAAGAACTCACC,AGG,AAATGCCAGAAGAACTCACCA,0.519047273079531,0.45,63.02277079776701
ACTGGTTCGAGATTTCTCGC,AGG,ACTGGTTCGAGATTTCTCGCA,0.385624606211485,0.5,64.36736046879128
ACCTTATCCTGTGACCCGGA,GGG,ACCTTATCCTGTGACCCGGAG,0.849735449735449,0.55,70.03935687980697
ACCACGTCCTTGTGACCCCG,GGG,ACCACGTCCTTGTGACCCCGG,0.95088141025641,0.65,73.26712808519795
GAAGCCAGGACAATCTCAGG,CGG,GAAGCCAGGACAATCTCAGGC,0.83275141871311,0.55,67.39909333182317
ACACCATAGACTCCTACCGG,TGG,ACACCATAGACTCCTACCGGT,0.865007556474705,0.55,68.51679673638955
ACGAATCAAGACCCTCGGCA,CGG,ACGAATCAAGACCCTCGGCAC,0.903591525984773,0.55,68.98931295258677
GTAACACTCCTTACTTGAGG,TGG,GTAACACTCCTTACTTGAGGT,0.866962002192181,0.45,61.237832791692995
GCTGAGCCGCTGCTCCACAA,AGG,GCTGAGCCGCTGCTCCACAAA,0.46424894690115,0.65,74.36377918525966
AGGCGCATGTGAACTCCCTG,GGG,AGGCGCATGTGAACTCCCTGG,0.950849358007264,0.6,71.24698215234764
AAGGGGCTGGGGGAGCACAA,GGG,AAGGGGCTGGGGGAGCACAAG,0.771178803172314,0.65,76.87284504004964
AGTGGTCGGCGACCGATACC,CGG,AGTGGTCGGCGACCGATACCC,0.583421703782255,0.65,73.25469197656031
GCTGGGACCGTACACCACGG,TGG,GCTGGGACCGTACACCACGGT,0.918286889172788,0.7,75.24871813656551
AGAGGATCAAGTCAGGTTGG,TGG,AGAGGATCAAGTCAGGTTGGT,0.806976744186046,0.5,65.55973474923263
ACATATGATGTTGTGCCTGG,CGG,ACATATGATGTTGTGCCTGGC,0.719426434770676,0.45,63.151256209816836
GAACTAGATGTGTCTCGAAA,TGG,GAACTAGATGTGTCTCGAAAT,0.442954545454545,0.4,58.725707066373275
AAATAATCACCTGGTTCCCA,AGG,AAATAATCACCTGGTTCCCAA,0.570057189542483,0.4,61.72393466325997
AAATATTGCTGATCGCCATG,AGG,AAATATTGCTGATCGCCATGA,0.517610837438423,0.4,59.23342603513083
AAAGAGACTTGGTGAAAGGA,AGG,AAAGAGACTTGGTGAAAGGAA,0.756092952956735,0.4,60.85190696571158
ACATTGAGCTCCATAGTGAT,GGG,ACATTGAGCTCCATAGTGATG,0.456124569080589,0.4,61.5194144222736
AGCTCGACGAGTTTGAGTTG,AGG,AGCTCGACGAGTTTGAGTTGA,0.73582870253431,0.5,63.696904543310495
AAATGGCTAAAGAGCTACAA,AGG,AAATGGCTAAAGAGCTACAAA,0.386044747819491,0.35,58.23555737662724
GGTCAGTGGGGACATGGAGA,AGG,GGTCAGTGGGGACATGGAGAA,0.833193839973217,0.6,71.80663556583482
GTCCTCAAGGAGCAAGCTAG,GGG,GTCCTCAAGGAGCAAGCTAGG,0.893614314789687,0.55,67.56144657890565
ACCAGAGGAAAGCCAGCCCC,TGG,ACCAGAGGAAAGCCAGCCCCT,0.889571714195517,0.65,75.46475734795763
AAAAGGAATCAGAATCGAGA,GGG,AAAAGGAATCAGAATCGAGAG,0.348080459129659,0.35,56.899145318300725
GACCAGGAGAGTGACGACGT,GGG,GACCAGGAGAGTGACGACGTG,0.904481822726948,0.6,69.99120235766048
GGTCCAGCCGCCTGACCGGG,AGG,GGTCCAGCCGCCTGACCGGGA,0.908399822599604,0.8,80.78544096870502
GCAATGTTGCAAACCAACAT,GGG,GCAATGTTGCAAACCAACATG,0.558310688405797,0.4,60.18043024896093
ATACTACCTAGAGGATTGAA,GGG,ATACTACCTAGAGGATTGAAG,0.723511904761904,0.35,58.34402184064754
GGGGAGTATACATCACCCAG,AGG,GGGGAGTATACATCACCCAGA,0.938057640560827,0.55,68.15923279191958
ACTTGAAACAAAGCTCGACA,TGG,ACTTGAAACAAAGCTCGACAT,0.642446318383407,0.4,59.99537366454223
GTGCTACCAATATTGATGTG,CGG,GTGCTACCAATATTGATGTGC,0.833971583971584,0.4,58.555329290941984
GTCGACATAAGGGCAGAAGA,AGG,GTCGACATAAGGGCAGAAGAA,0.730412302163774,0.5,65.43964719992181
ATGATCAGGCTTCACTCACA,TGG,ATGATCAGGCTTCACTCACAT,0.344535430163262,0.45,64.25343082720423
GAAGCTCCTTCCAGTAACAG,TGG,GAAGCTCCTTCCAGTAACAGT,0.847041847041847,0.5,64.35849233540432
GGATAGCCAACATATTGCAA,AGG,GGATAGCCAACATATTGCAAA,0.889216707161865,0.4,60.74002409265404
GCCGACACGCGGCGGTAGGT,GGG,GCCGACACGCGGCGGTAGGTG,0.537695590327169,0.75,78.72140785401876
AATCTTACCTCTCATCGTAG,CGG,AATCTTACCTCTCATCGTAGC,0.303859764658971,0.4,58.60510752092881
AAAGCACCACGGTCAGATGG,GGG,AAAGCACCACGGTCAGATGGG,0.645907897876401,0.55,68.17623883312848
ATAGTTCCTACGATTACGCG,GGG,ATAGTTCCTACGATTACGCGG,0.85407209612817,0.45,60.69880829944327
ACAATAGGAACGACTAACCA,AGG,ACAATAGGAACGACTAACCAA,0.912319422150882,0.4,60.61867483535525
GCAGTCGTACCAGAGATTCA,GGG,GCAGTCGTACCAGAGATTCAG,0.52809576966011,0.5,65.26828207920016
AAGACCGAGGTGATTGCTGC,TGG,AAGACCGAGGTGATTGCTGCT,0.457407407407407,0.55,68.50360592164537
GGCAAGTAGTCAGGAAACTG,TGG,GGCAAGTAGTCAGGAAACTGT,0.871255883611467,0.5,64.42443565463509
AAACATTCTGAACTACAAAG,CGG,AAACATTCTGAACTACAAAGC,0.721678759775905,0.3,52.0935547622521
GCCAAGGCTGCATTCACAGT,AGG,GCCAAGGCTGCATTCACAGTA,0.429702429702429,0.55,69.49838439793837
AAGCTGGACGGGCTTCGTTG,GGG,AAGCTGGACGGGCTTCGTTGG,0.918047752808988,0.6,70.58590952755026
AGCCGTATTTGTCCCTATCG,CGG,AGCCGTATTTGTCCCTATCGC,0.789656876528377,0.5,64.93067196809977
GCATTTGGTCAAAAATGGCA,TGG,GCATTTGGTCAAAAATGGCAT,0.521847575904851,0.4,60.304087445015
GAACTACAACAGCCTATCAG,CGG,GAACTACAACAGCCTATCAGC,0.911699635606455,0.45,61.41546640264613
AGGGCACGCGGAAACAGGTG,CGG,AGGGCACGCGGAAACAGGTGC,0.942748957010702,0.65,73.67813651568247
AATGACAGTCCTTACCAAGG,AGG,AATGACAGTCCTTACCAAGGA,0.805719854819196,0.45,62.768714086290004
GAGGGGAAGGGACGCCCGGC,CGG,GAGGGGAAGGGACGCCCGGCC,0.75125703648882,0.8,81.2210177971595
GGTCAAAGGCCATCACAACG,AGG,GGTCAAAGGCCATCACAACGA,0.608488671263245,0.55,66.88276379222822
ACAGAGTTGACTGGATAGCG,TGG,ACAGAGTTGACTGGATAGCGT,0.891481164383561,0.5,64.9363686725739
ATACCAGTACTCTGCAAAGT,AGG,ATACCAGTACTCTGCAAAGTA,0.513430477528089,0.4,61.43706628341829
GGATAACTCATCTCTCACGG,GGG,GGATAACTCATCTCTCACGGG,0.923598767626496,0.5,63.62185558584008
GAGATGGCTAAATATGTCCA,AGG,GAGATGGCTAAATATGTCCAA,0.898310662571303,0.4,60.48617589993381
ACTTATCTCCGTTGTCTCGG,GGG,ACTTATCTCCGTTGTCTCGGG,0.886372180451127,0.5,64.14145528964264
GACCGCAAATGATCCATCAC,AGG,GACCGCAAATGATCCATCACA,0.600778426466499,0.5,64.2705529202554
GTCTACATGCTCAAACACCA,GGG,GTCTACATGCTCAAACACCAG,0.896292329330304,0.45,63.094079434481614
AAAGAGTTCGAATCACTGGG,TGG,AAAGAGTTCGAATCACTGGGT,0.897647058823529,0.45,61.59132856734419
GTGTCCAGGTAGTATCCGGA,GGG,GTGTCCAGGTAGTATCCGGAG,0.964962121212121,0.55,68.74548078822016
AAATGACACTGGCAGCTGTG,AGG,AAATGACACTGGCAGCTGTGA,0.61614587720037,0.5,65.79378060359556
AAAATTCACTTACCGGTCAA,GGG,AAAATTCACTTACCGGTCAAG,0.178290126017659,0.35,57.10107562947212
GCAGAAGCGAGTAGACATCG,AGG,GCAGAAGCGAGTAGACATCGA,0.926994103967384,0.55,65.89683431945542
GGCACTGGAGTCCTAGTCTA,GGG,GGCACTGGAGTCCTAGTCTAG,0.99645390070922,0.55,69.30103165996104
AATCTCCACGCAATACCTGA,AGG,AATCTCCACGCAATACCTGAA,0.532207792207792,0.45,63.91970703494388
GCACGCCTGCCGAGTCATGG,GGG,GCACGCCTGCCGAGTCATGGG,0.921928312214412,0.7,75.06455869478128
GGCTGTGTACTTCACTACGA,AGG,GGCTGTGTACTTCACTACGAA,0.627538434430201,0.5,65.43266789264908
GTACCACTCCATTCTCAACG,GGG,GTACCACTCCATTCTCAACGG,0.97192671394799,0.5,63.605775271611776
AGGCGATGATCTTTCAACGC,TGG,AGGCGATGATCTTTCAACGCT,0.561090225563909,0.5,64.74834693725177
ATTGCATGATTCAGCCACAC,GGG,ATTGCATGATTCAGCCACACG,0.600450940755714,0.45,63.39424126098493
AAGCTGGACCCCCATCGGAG,GGG,AAGCTGGACCCCCATCGGAGG,0.925284788921152,0.65,74.31359630396594
GTGGGACTGTAATGGCTGCA,GGG,GTGGGACTGTAATGGCTGCAG,0.930860805860806,0.55,69.57512297747024
AAACCTGCTCAGGTGAATGT,CGG,AAACCTGCTCAGGTGAATGTC,0.260503258564374,0.45,64.41289638448376
AAGGGTGGCGAGAAGAAAAA,GGG,AAGGGTGGCGAGAAGAAAAAG,0.566261808367071,0.45,63.638492757481
ACTGAGCACTTGGGCCTTGA,TGG,ACTGAGCACTTGGGCCTTGAT,0.36328125,0.55,70.49938499899065
GGGCTTCTTGACGCCACCGG,TGG,GGGCTTCTTGACGCCACCGGT,0.924488152749022,0.7,75.25879517408436
AGACATCAACATGTGTGGAA,GGG,AGACATCAACATGTGTGGAAG,0.821050642479213,0.4,61.12837231892843
AATTAAACGCGGCACTCTAG,AGG,AATTAAACGCGGCACTCTAGA,0.683818469584365,0.45,61.412940396916895
GGCAAGCATTGGATTACTCA,CGG,GGCAAGCATTGGATTACTCAC,0.825987841945288,0.45,63.557850129914414
ATAACTTCTCGTCACGGACC,TGG,ATAACTTCTCGTCACGGACCT,0.500711440736162,0.5,64.57278705892185
GCTTGCGCTCGCGTTCCTCG,CGG,GCTTGCGCTCGCGTTCCTCGC,0.454673049091982,0.7,73.69637784059216
GACGGAATCCACCTCCACTG,CGG,GACGGAATCCACCTCCACTGC,0.858449990411747,0.6,69.56703421221812
GATGTGCATTAAGCTTCATG,GGG,GATGTGCATTAAGCTTCATGG,0.79938790767218,0.4,58.37898422244939
GCTGCAGCGTGGGCAAGACG,AGG,GCTGCAGCGTGGGCAAGACGA,0.764588162747941,0.7,75.15987366811783
AGTCCTTGTGGTGCTCAAGG,AGG,AGTCCTTGTGGTGCTCAAGGA,0.888095238095237,0.55,68.71545064290166
GTAGTGTCTTCCACATCGGC,AGG,GTAGTGTCTTCCACATCGGCA,0.912367864693446,0.55,67.18335407657582
AGTTCGAAGAAGGAGCGGCG,AGG,AGTTCGAAGAAGGAGCGGCGA,0.982178078331924,0.6,69.60139615634063
ACATAATAGACCCGCAGAGG,CGG,ACATAATAGACCCGCAGAGGC,0.868266978922716,0.5,65.64892904860983
GAAATTTCACGTACTGCCCG,CGG,GAAATTTCACGTACTGCCCGC,0.848214285714285,0.5,63.09731133101633
GGACTCGGATGACGTGCCCA,TGG,GGACTCGGATGACGTGCCCAT,0.859207732460408,0.65,73.36708060830779
GCAGCTGGAACAGACTATTG,AGG,GCAGCTGGAACAGACTATTGA,0.614522633637321,0.5,64.57516528723994
GTTACAGGAGATCCGAACGG,GGG,GTTACAGGAGATCCGAACGGG,0.937693343652884,0.55,66.03998598030478
ATGCCAGGCCGATCCCGACC,TGG,ATGCCAGGCCGATCCCGACCT,0.786124725367584,0.7,76.98210742256356
GGTTCTCACGGACAGACAGG,TGG,GGTTCTCACGGACAGACAGGT,0.886194846490831,0.6,69.27774128933959
AAACAACCAGATCCGCCGGG,TGG,AAACAACCAGATCCGCCGGGT,0.541187933158078,0.6,70.8542839325554
AGAAGGGAGACTATCCTCGC,TGG,AGAAGGGAGACTATCCTCGCT,0.631342433486504,0.55,68.52119930491801
ATACCAAATTGATGATGGAA,AGG,ATACCAAATTGATGATGGAAA,0.872791654703799,0.3,55.14329057989477
GATAGGCCAATAACTGAGGC,AGG,GATAGGCCAATAACTGAGGCA,0.775283751493428,0.5,65.63302268829
GTACTGGTCTCAGCAGATTG,AGG,GTACTGGTCTCAGCAGATTGA,0.869658119658119,0.5,64.33163165981915
GCAGGTGAAGTAAAGCCACA,TGG,GCAGGTGAAGTAAAGCCACAT,0.580154519809692,0.5,66.39538459226782
GGCAGGCCATGCAAAATGGG,GGG,GGCAGGCCATGCAAAATGGGG,0.923850574712643,0.6,71.49790754174285
ATCTTCCTTCGAATGTGGGA,AGG,ATCTTCCTTCGAATGTGGGAA,0.768887362637362,0.45,63.631060905173456
GCATTCGCATGACAGATGGA,CGG,GCATTCGCATGACAGATGGAC,0.84614267299577,0.5,65.542993432304
ATGTTCTCGATGGCTACGAT,GGG,ATGTTCTCGATGGCTACGATG,0.727669936446532,0.45,63.104442402434245
ACTTACCTTAGCAATTATTA,CGG,ACTTACCTTAGCAATTATTAC,0.115121882086167,0.25,51.221483014158366
ATTTGCTCTTAGGTTGTACG,TGG,ATTTGCTCTTAGGTTGTACGT,0.176545923557622,0.4,58.6872959981348
AGATGGCCATAACGAGCAGA,GGG,AGATGGCCATAACGAGCAGAG,0.828260166545395,0.5,67.11754207692837
GTATTTACTGAAAGCCGCAG,AGG,GTATTTACTGAAAGCCGCAGA,0.873063711193207,0.45,60.81867397367955
ACAGCTTGGTCACGTCGAGG,AGG,ACAGCTTGGTCACGTCGAGGA,0.87089947089947,0.6,70.03418496633952
GGAGGCTTCGATGAAGAAAG,TGG,GGAGGCTTCGATGAAGAAAGT,0.799094797749418,0.5,63.49694111981387
GGCAAGATCGTCAACCGAGG,TGG,GGCAAGATCGTCAACCGAGGT,0.850181818181818,0.6,68.98931295258677
AGGGTGAAGATTTACGACAT,GGG,AGGGTGAAGATTTACGACATG,0.664167799907045,0.4,60.55453195223197
ACAGAGGGTGGCTTCCTATG,AGG,ACAGAGGGTGGCTTCCTATGA,0.757970140785134,0.55,69.20072535973094
GAAGGTGGTATCCCCCAGAG,GGG,GAAGGTGGTATCCCCCAGAGG,0.91729797979798,0.6,70.85277488313977
GCTTTGTAATCAAATGTCTG,TGG,GCTTTGTAATCAAATGTCTGT,0.618685446009389,0.35,54.61845125074274
GGAAACTTACAACCAGATTG,AGG,GGAAACTTACAACCAGATTGA,0.822342137996634,0.4,57.97415813704703
AGAGCGAATCGTGCCACTCC,AGG,AGAGCGAATCGTGCCACTCCA,0.533690921703856,0.6,70.62969478062769
GTCACCGCAGATAATTGACA,AGG,GTCACCGCAGATAATTGACAA,0.686520376175548,0.45,62.45135161389942
GGTGGTCGCTAGCCACCGGG,TGG,GGTGGTCGCTAGCCACCGGGT,0.177164228881795,0.75,78.40169029490966
GTGCTTCGTCCGCTCGGCGG,TGG,GTGCTTCGTCCGCTCGGCGGT,0.764639757398305,0.75,76.53834624889811
GCAGACGACCTGCAGCGTGT,TGG,GCAGACGACCTGCAGCGTGTT,0.552287876058367,0.65,73.44105796009035
AAGCTGTTAAATCTAGTAGT,GGG,AAGCTGTTAAATCTAGTAGTG,0.557954751131221,0.3,54.4192753448217
GAACCAAGTTTATCAAACAC,TGG,GAACCAAGTTTATCAAACACT,0.708215085884988,0.35,54.969101707991285
ATAGCTCAGTGACAGTATGT,GGG,ATAGCTCAGTGACAGTATGTG,0.767581217581217,0.4,61.40865658792575
AGTTCACCCCAGAGACTGAG,CGG,AGTTCACCCCAGAGACTGAGC,0.751739926739926,0.55,68.3487945951693
GGGCTGGTACCACTACGCGG,TGG,GGGCTGGTACCACTACGCGGT,0.899512325830653,0.7,75.88052946139277
AAGGGAACTTCAAATTAGTC,AGG,AAGGGAACTTCAAATTAGTCA,0.155176311030741,0.35,56.3990524380614
GCACGTGCTGGCACTAACCA,TGG,GCACGTGCTGGCACTAACCAT,0.84328458734288,0.6,71.78280610057146
GGCCCAGTATGACGCCGTCG,CGG,GGCCCAGTATGACGCCGTCGC,0.902777777777777,0.7,74.73353537063889
AAGATGTCCACACCCTGGTG,AGG,AAGATGTCCACACCCTGGTGA,0.773687741069931,0.55,68.77820565742684
AGGGTCCCCAGTGTTCATAT,TGG,AGGGTCCCCAGTGTTCATATT,0.328319585961507,0.5,68.04043917289766
GCCGCCGGGTCCCTCCTCCC,CGG,GCCGCCGGGTCCCTCCTCCCC,0.584661101055186,0.85,83.81590377856213
GGCTCACGCCAAAGCCACTG,CGG,GGCTCACGCCAAAGCCACTGC,0.894702100632907,0.65,73.00103498185496
ACGGTCGAAGCAGCTTGGCT,GGG,ACGGTCGAAGCAGCTTGGCTG,0.963835685483871,0.6,72.2500500621473
GCTGACCAAAACTTCGCCAA,TGG,GCTGACCAAAACTTCGCCAAT,0.337791411042944,0.5,65.47817375057485
GGCCTTTGTTAAAGCCTCCG,CGG,GGCCTTTGTTAAAGCCTCCGC,0.928620901954748,0.55,67.43484128531531
GGCTCTGGTTTACTACGACG,TGG,GGCTCTGGTTTACTACGACGT,0.881280673054452,0.55,66.24437014015012
ATGTGACCATCGCCTTTATG,GGG,ATGTGACCATCGCCTTTATGG,0.734363482234999,0.45,62.335746295400895
ATATCTTCCAATAGCAAACG,TGG,ATATCTTCCAATAGCAAACGT,0.755212624736794,0.35,55.52518932116783
GCAGGGCCTTGATCTCCGAG,AGG,GCAGGGCCTTGATCTCCGAGA,0.94178457033471,0.65,72.7904068528951
GAAGAGCCCTCTATTGGACA,TGG,GAAGAGCCCTCTATTGGACAT,0.778158422459893,0.5,66.2902820162563
GGGCCTGGTGGAGAGCCTAG,AGG,GGGCCTGGTGGAGAGCCTAGA,0.968760757314974,0.7,76.75357089991638
GCTGGTCCGGAGCTTCCGAG,AGG,GCTGGTCCGGAGCTTCCGAGA,0.906043956043955,0.7,74.84382114456753
GACCAGAGACACGACCCCGG,GGG,GACCAGAGACACGACCCCGGG,0.914716482179214,0.7,74.49828475456383
GCACTGACTCGGTTCTCACT,AGG,GCACTGACTCGGTTCTCACTA,0.340426207661385,0.55,67.91774367147349
ACAACGACAATTGGGGCACG,TGG,ACAACGACAATTGGGGCACGT,0.742135642135642,0.55,67.59590327979095
GCTGGAAAATGACCGTAGCA,TGG,GCTGGAAAATGACCGTAGCAT,0.467213114754098,0.5,65.76606930133448
ACTCTACGAATGGTTACCGA,AGG,ACTCTACGAATGGTTACCGAA,0.837878787878787,0.45,63.01416799828826
AGAGGAAGGCGTGGCACTCG,AGG,AGAGGAAGGCGTGGCACTCGA,0.776912545635579,0.65,73.27514065960565
GCTATTGAAGTATCTCACAT,AGG,GCTATTGAAGTATCTCACATA,0.784633569739952,0.35,56.85463111275743
GCTGCTAATCTTATGAACAG,TGG,GCTGCTAATCTTATGAACAGT,0.540629791248967,0.4,58.281060571173725
AAAGGGGGCATCATTGTGAG,TGG,AAAGGGGGCATCATTGTGAGT,0.563094796687677,0.5,66.1908158676136
AGACATGAACTCTTCAATGG,GGG,AGACATGAACTCTTCAATGGG,0.902549889135255,0.4,59.205482773208644
GAGCCATACCTTCCTGTCTA,CGG,GAGCCATACCTTCCTGTCTAC,0.523136200716845,0.5,66.52351045291306
GCCTCTTACCTGAACCCACG,AGG,GCCTCTTACCTGAACCCACGA,0.884227523641464,0.6,70.0644858023058
ACGTTCAAGGCTATTACCCT,GGG,ACGTTCAAGGCTATTACCCTG,0.822507931207213,0.45,64.23072076491513
GAGTGCTGAAAAAAATCCGC,CGG,GAGTGCTGAAAAAAATCCGCC,0.653722143195827,0.45,60.92200791036697
AAGGTGATTGTGGCTTTGGG,TGG,AAGGTGATTGTGGCTTTGGGT,0.905700762470922,0.5,66.13934097114907
AGGGCTCCCCATACCACACG,GGG,AGGGCTCCCCATACCACACGG,0.945735745436924,0.65,74.68839976768135
AAGGCAACACTCTACCACCG,AGG,AAGGCAACACTCTACCACCGA,0.988720458343279,0.55,68.33262044481222
ACAGATTATTATTGCAACAA,AGG,ACAGATTATTATTGCAACAAA,0.289009353741496,0.25,51.33194496529774
GCTTCACTGAATAGCCCTCG,AGG,GCTTCACTGAATAGCCCTCGA,0.815228434093011,0.55,67.00887270934442
GATCACCAGCTTTGTAGACA,GGG,GATCACCAGCTTTGTAGACAG,0.693971468016567,0.45,63.031064003259075
AAGAAATTGAACTTACCGCG,GGG,AAGAAATTGAACTTACCGCGG,0.897951547031026,0.4,57.62828118745756
AGGAATTACCTGTAATCGAG,TGG,AGGAATTACCTGTAATCGAGT,0.837377226190011,0.4,58.776590885052485
ACAGTTTGGTTTCTGAGGCA,AGG,ACAGTTTGGTTTCTGAGGCAA,0.740957134468584,0.45,64.27047174555128
GCTGGAGGACAGCGCGACGG,AGG,GCTGGAGGACAGCGCGACGGA,0.912506709608158,0.75,77.01615872325289
ACAGTCGACTGTATGCACTT,TGG,ACAGTCGACTGTATGCACTTT,0.345309086235702,0.45,63.516840688212085
GCTCCCACAAGATATCTGAG,TGG,GCTCCCACAAGATATCTGAGT,0.873977086743044,0.5,64.56493790840818
ACACCAGCTAGCCTCACCCT,GGG,ACACCAGCTAGCCTCACCCTG,0.744386372435152,0.6,73.8607940770936
AGGATAAACGTAGGCCTGCG,TGG,AGGATAAACGTAGGCCTGCGT,0.864833638226758,0.55,68.19676942483136
AGTGGGCGATGGCCACACGC,AGG,AGTGGGCGATGGCCACACGCA,0.16271826333176,0.7,76.89806254702921
ACTGAAAGAAATCGTGCTTG,AGG,ACTGAAAGAAATCGTGCTTGA,0.274884535754101,0.4,58.22925534831933
GACTGCATAAGGGATTACTG,GGG,GACTGCATAAGGGATTACTGG,0.864297979528022,0.45,61.72479117994277
GAGGGGCTTACTGAAGAGAT,GGG,GAGGGGCTTACTGAAGAGATG,0.855085784313725,0.5,66.32461677845765
GCTACAGAAGTGCTTCGAAG,TGG,GCTACAGAAGTGCTTCGAAGT,0.87059787059787,0.5,63.48078314344269
GGGGCACTCTCCGAGCGCTG,CGG,GGGGCACTCTCCGAGCGCTGC,0.943984523415305,0.75,77.76275404033214
ATAGGTGTGGAGTTACTCCT,GGG,ATAGGTGTGGAGTTACTCCTG,0.891367214021676,0.45,64.71225129494508
GGCGGTCCTGACCGCCGCTC,CGG,GGCGGTCCTGACCGCCGCTCC,0.0388412809485799,0.8,80.25561027035019
GCTCTTGCACCGCTCCCCAG,GGG,GCTCTTGCACCGCTCCCCAGG,0.873429739551786,0.7,75.80733311472926
GTCAGTCACTTCAGCCGACG,GGG,GTCAGTCACTTCAGCCGACGG,0.950632246596372,0.6,68.49226102264981
GCACATTTGGCACAGCCCGG,GGG,GCACATTTGGCACAGCCCGGG,0.860421674399537,0.65,73.36975419201843
GCCGCGACCCCGACGCGTGC,AGG,GCCGCGACCCCGACGCGTGCA,0.577687131268436,0.85,81.93297489603339
AGGCCAGCACCTTCACGTCG,CGG,AGGCCAGCACCTTCACGTCGC,0.661764705882352,0.65,73.34910037650752
AGTGGCAGCACCAGCTACCA,AGG,AGTGGCAGCACCAGCTACCAA,0.376008064516128,0.6,73.83182274708355
AGAGTGCACAGATAGCGGCC,AGG,AGAGTGCACAGATAGCGGCCA,0.900597650008386,0.6,71.8131656669284
GTGCATCATGGATGCTACCG,TGG,GTGCATCATGGATGCTACCGT,1.0,0.55,67.29148685462451
GGTTAGTGATATTCTTGACA,GGG,GGTTAGTGATATTCTTGACAG,0.831912191582002,0.35,56.75942431680414
GTGTCCACCCGAGATACTCT,CGG,GTGTCCACCCGAGATACTCTC,0.518793694763223,0.55,68.36158633658533
AACTCATGAATCCAACTGTG,AGG,AACTCATGAATCCAACTGTGA,0.874557593307593,0.4,59.2652458320764
GAAGCCATCCAGCCTAAGGA,GGG,GAAGCCATCCAGCCTAAGGAG,0.906645104381064,0.55,69.6492290752883
GCATCACCAAGCCGGCCATC,CGG,GCATCACCAAGCCGGCCATCC,0.336456144864154,0.65,73.56381775156757
AGATAGGTCGATCTGTGCGA,GGG,AGATAGGTCGATCTGTGCGAG,0.784512171746214,0.5,65.93172128386016
GTAACCTGGCACTGATATGG,AGG,GTAACCTGGCACTGATATGGA,0.878972071291147,0.5,65.08777104233252
ATGTTGACCAACCAGAGAAA,AGG,ATGTTGACCAACCAGAGAAAA,0.3723127805339,0.4,61.08777951966192
GAAAAGTGTGGCTGGTCTGA,AGG,GAAAAGTGTGGCTGGTCTGAA,0.622160381644707,0.5,65.89851714366944
GCTGGTAGAGAGTGCCGGAG,AGG,GCTGGTAGAGAGTGCCGGAGA,0.985148514851485,0.65,72.78196223522826
GCTGCCTGTCACCGACTAAG,TGG,GCTGCCTGTCACCGACTAAGT,0.343424169591755,0.6,69.87555840909653
GATGGATGATGCTGACCCTG,AGG,GATGGATGATGCTGACCCTGA,0.910661807242855,0.55,67.60070188528073
GCTGCGTGGGACCATTGTGG,AGG,GCTGCGTGGGACCATTGTGGA,0.862781954887218,0.65,73.00767852529123
GGGCCGTCTTGCCCCGAACA,GGG,GGGCCGTCTTGCCCCGAACAG,0.733982474717247,0.7,76.85570919602645
ACAAGAACCACAGCCCCCCT,TGG,ACAAGAACCACAGCCCCCCTT,0.183516483516483,0.6,73.8536319112684
GTGACGTCATGACCTACGTG,AGG,GTGACGTCATGACCTACGTGA,0.175087719298245,0.55,65.74978638449562
GATGCCAGTTATCAGCATCG,GGG,GATGCCAGTTATCAGCATCGG,0.289030617178887,0.5,64.07318785842904
GGAGGAAGCCAGTGTCCGTG,CGG,GGAGGAAGCCAGTGTCCGTGC,0.910386210697296,0.65,72.53469150597152
GGAGGTGTACCAGACGGCCA,AGG,GGAGGTGTACCAGACGGCCAA,0.835483870967741,0.65,74.45260268555336
ATGAATCGATACCTTACCAC,AGG,ATGAATCGATACCTTACCACA,0.687253869216432,0.4,59.49520225188053
GGTCTGTGCACTCTACATCA,TGG,GGTCTGTGCACTCTACATCAT,0.503010376523116,0.5,66.00024610106203
GTGGAAAGTCGAGGATCTGG,AGG,GTGGAAAGTCGAGGATCTGGA,0.954871794871794,0.55,66.47646930253347
AGAGGTATCAAGTGACTCCA,GGG,AGAGGTATCAAGTGACTCCAG,0.90375653781116,0.45,64.25422514558738
GACAGCCATATACAACCAGC,GGG,GACAGCCATATACAACCAGCG,0.82963779527559,0.5,65.52198343762552
GCTGAGCTACGAGATCCCTA,CGG,GCTGAGCTACGAGATCCCTAC,0.581239679169615,0.55,68.73054221477679
AGGGAGGCGATGGCTAAGGA,AGG,AGGGAGGCGATGGCTAAGGAA,0.944715234639276,0.6,73.3231039735735
ACTCTCCTCCGCCTGATGCT,CGG,ACTCTCCTCCGCCTGATGCTC,0.587853862845031,0.6,72.67697543041152
ACAAAACCAAAACAATTACC,AGG,ACAAAACCAAAACAATTACCA,0.133170411438575,0.3,52.92523638868619
ACTGGGAACATAGTCGTACA,GGG,ACTGGGAACATAGTCGTACAG,0.821110318451979,0.45,63.81948243432936
GGAACTCGCGAATCCCCTGT,CGG,GGAACTCGCGAATCCCCTGTC,0.819275479859421,0.6,70.82068703135707
GTACCACCCATTACCTATTG,GGG,GTACCACCCATTACCTATTGG,0.610353619332668,0.45,62.13116938710613
GAATCCACTCACAGTAACTG,AGG,GAATCCACTCACAGTAACTGA,0.96816479400749,0.45,61.085324474741185
GAGGCGCTGCGCGTGAACGT,GGG,GAGGCGCTGCGCGTGAACGTG,0.916008726874272,0.7,75.32152196969093
AAATCTCAACAGCGCAAGAG,TGG,AAATCTCAACAGCGCAAGAGT,0.781062356614571,0.45,61.66438991385121
GACGGCACCTCGTAGCCTAG,GGG,GACGGCACCTCGTAGCCTAGG,0.772047883388089,0.65,72.51086192556824
GCGGATGAAGAAAGGTCCAA,GGG,GCGGATGAAGAAAGGTCCAAG,0.94601381042059,0.5,65.45366142921972
GAATTCTCCAATGTTCTGCG,AGG,GAATTCTCCAATGTTCTGCGA,0.787558813874603,0.45,60.424461827319476
AGAACTCAACGCTGAGGAGC,AGG,AGAACTCAACGCTGAGGAGCA,0.683808305931068,0.55,68.13933881228422
AGGGCATGCTTACCACCCAG,AGG,AGGGCATGCTTACCACCCAGA,0.900940471269119,0.6,72.65313233560391
GATGCCCACTGCAATCAACA,TGG,GATGCCCACTGCAATCAACAT,0.328948822814192,0.5,66.39103351187742
GCACGGAAGCCCATGAAGAT,GGG,GCACGGAAGCCCATGAAGATG,0.618070467873749,0.55,68.79969974657911
ATTTGGCATCGAACGTTCAG,CGG,ATTTGGCATCGAACGTTCAGC,0.1624856533858,0.45,61.04880996489652
GATCTCGTAGAACACACAGC,CGG,GATCTCGTAGAACACACAGCC,0.677041330645161,0.5,63.82868932558489
ATAAAGACCATACTTCTCAG,AGG,ATAAAGACCATACTTCTCAGA,0.703225654770301,0.35,56.08018193548287
GTTCGTATTCTCTAGTGGAC,AGG,GTTCGTATTCTCTAGTGGACA,0.552092860191451,0.45,60.851173216387565
GCCTACTACCGGGATGCTCA,TGG,GCCTACTACCGGGATGCTCAT,0.686344537815126,0.6,72.10189967960827
AGGGCTTCCAGCTTGCTCCG,GGG,AGGGCTTCCAGCTTGCTCCGG,0.972309197651663,0.65,74.44448959093813
GACGTAATGCCCTTGATCGG,AGG,GACGTAATGCCCTTGATCGGA,0.793385248836376,0.55,66.42897506996837
ACACCCCACTCACGTCATTG,CGG,ACACCCCACTCACGTCATTGC,0.502799552071668,0.55,67.95150440665833
GGGCTCACAGAGCCCAACAG,CGG,GGGCTCACAGAGCCCAACAGC,0.105610933540398,0.65,73.42749055182782
ATTGTGACTCCAATGTGATG,TGG,ATTGTGACTCCAATGTGATGT,0.29749449339207,0.4,59.45588389213543
GGTACACACGAAGCTCCTTG,AGG,GGTACACACGAAGCTCCTTGA,0.98611641221374,0.55,66.75393304484686
GATCGTCGGCAACAAGTGGG,AGG,GATCGTCGGCAACAAGTGGGA,0.815085697399527,0.6,69.0585212864031
GCATGTTTGGAAGTCGGAAT,TGG,GCATGTTTGGAAGTCGGAATT,0.45559780312632,0.45,62.4323151708341
AGCTGCTCATGAACCACAGA,AGG,AGCTGCTCATGAACCACAGAA,0.900835050856937,0.5,67.29863074758049
GCTCTCAGCTCCGTAAAGGT,GGG,GCTCTCAGCTCCGTAAAGGTG,0.912961656080922,0.55,68.5943703259781
GCTTCTGATAGGACGCACCA,GGG,GCTTCTGATAGGACGCACCAG,0.943273759207825,0.55,68.61715859268793
GCCGCTCAGCCCTTCCGCCT,CGG,GCCGCTCAGCCCTTCCGCCTC,0.164247646503558,0.75,79.9382342534335
ACTATCTGGTTAACTACAGT,TGG,ACTATCTGGTTAACTACAGTT,0.555038212420717,0.35,58.05103458019693
ACTGGGGTCCGGGTTAACAG,TGG,ACTGGGGTCCGGGTTAACAGT,0.916612903225806,0.6,71.62537753938153
GGTCATGAAACGTACTTTAG,GGG,GGTCATGAAACGTACTTTAGG,0.459258844603672,0.4,57.109947909559764
GGTGACTTCACACGCCATAA,TGG,GGTGACTTCACACGCCATAAT,0.295329958890267,0.5,65.57120023385306
GGGTGGGAACGGCTTCATAC,AGG,GGGTGGGAACGGCTTCATACA,0.589628040057224,0.6,70.70683404625828
GCCAGGAGACATTCCGCCGA,AGG,GCCAGGAGACATTCCGCCGAA,0.788274047629288,0.65,73.65145699257113
GTTGCCCTCGAGGTCAATGT,TGG,GTTGCCCTCGAGGTCAATGTT,0.176964866154976,0.55,68.47735461900152
GATCACCACCCAGTGCCGAA,AGG,GATCACCACCCAGTGCCGAAA,0.210731805094937,0.6,71.35947215592591
GACCCTGTGATGACCACCTG,TGG,GACCCTGTGATGACCACCTGT,0.831508631632394,0.6,70.22180177652757
GACTGTAGTCGGACCACACA,GGG,GACTGTAGTCGGACCACACAG,0.971222834563793,0.55,68.07624044271029
AGGTCTTCAGTCAAAACTCA,CGG,AGGTCTTCAGTCAAAACTCAC,0.537055992666717,0.4,60.72398911394646
AAGCCTTGGATGTGCATCAG,TGG,AAGCCTTGGATGTGCATCAGT,0.925381130714308,0.5,66.02740691376334
GGGTAACTGCAATTGGCAAA,TGG,GGGTAACTGCAATTGGCAAAT,0.56055900621118,0.45,63.700895125607076
AGCTGACTTTCGACCCACAG,AGG,AGCTGACTTTCGACCCACAGA,0.886297220242337,0.55,67.80868179967047
GTCACATCCCGCATGTACGA,GGG,GTCACATCCCGCATGTACGAG,0.929245283018868,0.55,67.8626644924039
GCTGGAAAGTGACCTCAAAG,TGG,GCTGGAAAGTGACCTCAAAGT,0.802460831686067,0.5,64.20524553209583
AGTGGGCGCTCGGGCGGAGG,TGG,AGTGGGCGCTCGGGCGGAGGT,0.823088885251268,0.8,81.64774231080679
GAACAGCATTGACCTCAGAG,AGG,GAACAGCATTGACCTCAGAGA,0.961778259690973,0.5,64.11802918327118
GCTGGTTAAAGAGTTCGCCC,AGG,GCTGGTTAAAGAGTTCGCCCA,0.910897435897436,0.55,67.55829118089935
GCATACCACCTCTCAGACGC,AGG,GCATACCACCTCTCAGACGCA,0.787777777777777,0.6,70.22592156109073
GCTAGAATGTTGGTAAAGGT,AGG,GCTAGAATGTTGGTAAAGGTA,0.929113539769277,0.4,60.18036374132038
GCTGTATGACAGCGACGCTG,TGG,GCTGTATGACAGCGACGCTGT,0.831480747299433,0.6,69.16097485482476
AGTAGAAAGTCGTGTACCAG,AGG,AGTAGAAAGTCGTGTACCAGA,0.901902173913043,0.45,61.68021658924374
GGCAGGTTCTGATGTACACA,GGG,GGCAGGTTCTGATGTACACAG,0.741895416640541,0.5,66.2422298308399
AAGGGAAAGTCAGAGATGCA,GGG,AAGGGAAAGTCAGAGATGCAG,0.856410256410256,0.45,64.27815857030868
GCTGTGCAAGATGATAAACT,GGG,GCTGTGCAAGATGATAAACTG,0.178293631502187,0.4,60.05669223094776
GAGCAATCAGTACTACAACC,CGG,GAGCAATCAGTACTACAACCC,0.894013575164126,0.45,61.88737483907687
GTCTACTGTGATGTTATATC,AGG,GTCTACTGTGATGTTATATCA,0.129252426329655,0.35,55.49618022531649
AGCATTTCACGGACAGATGG,GGG,AGCATTTCACGGACAGATGGG,0.90101822407045,0.5,65.07982911731852
GTCGGCAACTGCTATCTCTG,AGG,GTCGGCAACTGCTATCTCTGA,0.911094075317349,0.55,66.81872964090496
AGAAGGACACAGCTCAACAG,TGG,AGAAGGACACAGCTCAACAGT,0.950473607944253,0.5,65.34433837291766
GATGGTGCTAATACAATCCT,GGG,GATGGTGCTAATACAATCCTG,0.646092424648273,0.4,60.491431379211406
ACTGTACTTGGACTTGTACT,GGG,ACTGTACTTGGACTTGTACTG,0.689129068136757,0.4,61.119371165942596
ATGGAGGTGTAACTCTACCA,AGG,ATGGAGGTGTAACTCTACCAA,0.927205882352941,0.45,64.7020951839965
GGCGTCGGAGCGGCAGAACT,TGG,GGCGTCGGAGCGGCAGAACTT,0.420860199743709,0.7,75.97181743484543
GCGGTATATCCCGATGGGCA,GGG,GCGGTATATCCCGATGGGCAG,0.931619122565414,0.6,71.88668112495151
GAAACATTCACCTCAGTGCG,TGG,GAAACATTCACCTCAGTGCGT,0.780279892846922,0.5,63.47018513527513
GCTGAGTCGGATAGCCGAGG,AGG,GCTGAGTCGGATAGCCGAGGA,0.899733285917496,0.65,72.20713513490807
ATCCTCACAGTAGTTACTGT,AGG,ATCCTCACAGTAGTTACTGTA,0.798860580325548,0.4,61.231962554205666
ACAGTCCCATCAAAGTTATG,GGG,ACAGTCCCATCAAAGTTATGG,0.437118437118437,0.4,59.557729185880646
ATGATGTTTCTGGTCCCGCG,GGG,ATGATGTTTCTGGTCCCGCGG,0.98076923076923,0.55,67.56144657890576
AAAAGCCAGGGTCACCCCCC,GGG,AAAAGCCAGGGTCACCCCCCG,0.106152260332479,0.65,75.76492952896058
GGTCTCATCCTGACGCGTCG,AGG,GGTCTCATCCTGACGCGTCGA,0.613942246935422,0.65,70.8745642042004
GGTGCAGCGGGAGATTCACC,AGG,GGTGCAGCGGGAGATTCACCA,0.569667456348161,0.65,73.16394401416704
GTACTACAGAATTTCTCACG,AGG,GTACTACAGAATTTCTCACGA,0.832981220657277,0.4,56.95888679285957
ACTCATGCTGGAAACGAACT,GGG,ACTCATGCTGGAAACGAACTG,0.436397427419526,0.45,63.46095173861136
GAAGCTAGTAAGAATGAGAC,TGG,GAAGCTAGTAAGAATGAGACT,0.808534955837738,0.4,58.37999241769728
AGCAAACCACCTAGTCCCTG,AGG,AGCAAACCACCTAGTCCCTGA,0.875309247987433,0.55,69.18459843294886
GGAGCTAAGAAGCCCCTACA,GGG,GGAGCTAAGAAGCCCCTACAG,0.728715728715728,0.55,69.83194725467388
GCTGGGCTACAACCCTGTGA,AGG,GCTGGGCTACAACCCTGTGAA,0.679463745101847,0.6,72.47092897017842
ATGACGGTGACATAGCGGAG,GGG,ATGACGGTGACATAGCGGAGG,0.964580873671782,0.55,67.54173673403807
ACTCACCTTTCGATTGGGGG,TGG,ACTCACCTTTCGATTGGGGGT,0.736256416284628,0.55,68.28440598950147
ACAATAGTAATAAATTCCAG,TGG,ACAATAGTAATAAATTCCAGT,0.626582772666345,0.25,48.995938080200574
ACACGGTAGAGTTCTACCGC,TGG,ACACGGTAGAGTTCTACCGCT,0.843859649122807,0.55,67.97030466715199
GGTTCTACTTCACCCCTAAG,GGG,GGTTCTACTTCACCCCTAAGG,0.638965517241379,0.5,64.73735130742739
GCATGTTTGAACGTTCTCCG,GGG,GCATGTTTGAACGTTCTCCGG,0.918813200987371,0.5,62.73475206669707
GACTTCTCGGGAGCTCTGGG,AGG,GACTTCTCGGGAGCTCTGGGA,0.888366422849181,0.65,72.39163834434822
ATCTTCTTCATCCACGTCGT,TGG,ATCTTCTTCATCCACGTCGTT,0.528424429261789,0.45,62.585943175477496
GATGTGTTCTTTGAACCAGA,AGG,GATGTGTTCTTTGAACCAGAA,0.31147569900397,0.4,59.581993751072616
ACCTAGAACAAGTATCCCTG,AGG,ACCTAGAACAAGTATCCCTGA,0.886877527852449,0.45,62.91417850973073
AAAGTCAGTCTGGTTATGTG,TGG,AAAGTCAGTCTGGTTATGTGT,0.738301816833518,0.4,59.24672994298214
ACCTGTGTTGTGGTTTACAC,TGG,ACCTGTGTTGTGGTTTACACT,0.529499125685678,0.45,63.04614259130352
AGAAACGAACGCCATTCATG,AGG,AGAAACGAACGCCATTCATGA,0.711299836294262,0.45,61.04880996489658
GTGTGATCGGATCCCAAAGT,GGG,GTGTGATCGGATCCCAAAGTG,0.864018184539399,0.5,65.40907671507182
GGAGCAATTTCTACGGGAGA,AGG,GGAGCAATTTCTACGGGAGAA,0.844655670487372,0.5,65.61463484217711
GAAAGACCTTGTCGCCTCTG,AGG,GAAAGACCTTGTCGCCTCTGA,0.705014497697424,0.55,66.44974320778005
GGAGCACGGAATCAAAGTAC,AGG,GGAGCACGGAATCAAAGTACA,0.88841608291344,0.5,64.21177926944137
GATCTGACTAGATTCTCAAG,TGG,GATCTGACTAGATTCTCAAGT,0.638857466063348,0.4,57.75230533261225
GTTGCCTCATATCCATTAAG,GGG,GTTGCCTCATATCCATTAAGG,0.489107076854311,0.4,58.60241789646352
AAAGATGTACACGTGGCCGA,TGG,AAAGATGTACACGTGGCCGAT,0.422826518459706,0.5,66.19406722894848
GTGTGTGCGAGTGCCAAGGA,GGG,GTGTGTGCGAGTGCCAAGGAG,0.986486486486486,0.6,71.17646355188003
ATTCCACACAGGGTTTAGCG,TGG,ATTCCACACAGGGTTTAGCGT,0.798413818936207,0.5,65.42247005667394
AATGGCTGGTATATCTGGTA,AGG,AATGGCTGGTATATCTGGTAA,0.53076196702259,0.4,62.23917260033244
AGCGGTTGTTCCGGCCCGCG,CGG,AGCGGTTGTTCCGGCCCGCGC,0.767566677527054,0.75,78.53015234778644
GATGCGCAATACCAGTTCAC,TGG,GATGCGCAATACCAGTTCACT,0.376989568754913,0.5,64.42793378785797
GTTCACCAACCCCACCCAAG,TGG,GTTCACCAACCCCACCCAAGT,0.602382901807086,0.6,70.72831347226293
GTTCTCACAGGGGTTGAGAG,AGG,GTTCTCACAGGGGTTGAGAGA,0.843527013251783,0.55,67.08392327276346
ATGGATAAACTATCAAAACA,TGG,ATGGATAAACTATCAAAACAT,0.432954545454545,0.25,51.30985791750561
GCTCAGCTCTAGGGGAATGA,AGG,GCTCAGCTCTAGGGGAATGAA,0.691818118756936,0.55,69.36759690736994
AGAACCGAGGAAGGGGCTCT,GGG,AGAACCGAGGAAGGGGCTCTG,0.568488313107269,0.6,72.8328327540363
AATAGCTAAAGATGGACAAT,TGG,AATAGCTAAAGATGGACAATT,0.463160906619796,0.3,54.86745242066826
GAGCTTCGTGGGCTGGATCG,GGG,GAGCTTCGTGGGCTGGATCGG,0.892818386171614,0.65,72.00129861560015
AATTTAAGGAGGTTCCTGAG,AGG,AATTTAAGGAGGTTCCTGAGA,0.587662337662337,0.4,59.4175974201392
GAAGCCCAGAGTAATTTGAG,TGG,GAAGCCCAGAGTAATTTGAGT,0.895014556040757,0.45,61.35545277216977
AGTGAGCCGCACTCTCAACG,CGG,AGTGAGCCGCACTCTCAACGC,0.944348600367299,0.6,70.06529812259697
ATTAGAAGAGAGACTTGTCC,AGG,ATTAGAAGAGAGACTTGTCCA,0.71553405340534,0.4,59.568412382205736
ACCCCATTGAAATCGTGCCA,GGG,ACCCCATTGAAATCGTGCCAG,0.664513996880779,0.5,67.18181177596512
GCGGGCAAAGCCCTCCTGCG,TGG,GCGGGCAAAGCCCTCCTGCGT,0.581112147664423,0.75,78.56180208768768
AATGCGGCAAAGCCTATAAG,TGG,AATGCGGCAAAGCCTATAAGT,0.877823805578569,0.45,62.772302551572295
GTGTGCCTTACAACACTCTG,GGG,GTGTGCCTTACAACACTCTGG,0.931645822757549,0.5,64.32463997947877
GAAAGAAATACAGCGAGGTG,TGG,GAAAGAAATACAGCGAGGTGT,0.786850021486893,0.45,60.42932306504633
GCTGCATCATCATAGCAGGG,AGG,GCTGCATCATCATAGCAGGGA,0.458742302668408,0.55,68.15192953881302
ATCTCATAACATTTAACTTG,AGG,ATCTCATAACATTTAACTTGA,0.354361826697892,0.25,48.90816652363873
ACCACACAAATAACAGCCAG,GGG,ACCACACAAATAACAGCCAGG,0.908380430943129,0.45,62.908084059717396
AGTGGCAGAGCCGAAACGAG,AGG,AGTGGCAGAGCCGAAACGAGA,0.868742907577859,0.6,70.28687476257068
GCAAAATGTCTTTCAAACGT,AGG,GCAAAATGTCTTTCAAACGTA,0.402218796304366,0.35,55.36063624207014
GACAGACACTCACGCAGGCT,AGG,GACAGACACTCACGCAGGCTA,0.84510599653773,0.6,70.98648541441014
AGAATTTGCTGAGTCAGCAG,AGG,AGAATTTGCTGAGTCAGCAGA,0.27570875614604,0.45,62.42985415019166
ACTTATACGACTCAGAACCT,AGG,ACTTATACGACTCAGAACCTA,0.659382483749572,0.4,60.368935987441716
GTCACCTTGGAATGCTGAGT,AGG,GTCACCTTGGAATGCTGAGTA,0.577895101263631,0.5,66.04496333707465
GAGCTTGGATCTCGGTCCCG,GGG,GAGCTTGGATCTCGGTCCCGG,0.849817852002878,0.65,71.89352051550236
GGGGTCATAGTAGTAGCCGG,AGG,GGGGTCATAGTAGTAGCCGGA,0.922637402503174,0.6,70.8398731446174
GTGTAATTTCAGCCCGAACA,CGG,GTGTAATTTCAGCCCGAACAC,0.908523119392684,0.45,62.50249072702945
GAAGAAAAACAAATTCCGCG,TGG,GAAGAAAAACAAATTCCGCGT,0.526149425287356,0.4,56.027465265781416
GCCACGGCCATAACCACACC,CGG,GCCACGGCCATAACCACACCC,0.907356170399648,0.65,73.84598816404582
GCGCACTGTCTTGTCCCAGG,AGG,GCGCACTGTCTTGTCCCAGGA,0.734943395566131,0.65,72.64483081095335
ATGGATTGCCTCAATAGCTG,GGG,ATGGATTGCCTCAATAGCTGG,0.931604488929329,0.45,63.250939939180796
GGGGTGGCAACGGTGTCGAG,TGG,GGGGTGGCAACGGTGTCGAGT,0.930136319376825,0.7,74.94741969304903
GCCAGGCTGCGCTTTAATGG,AGG,GCCAGGCTGCGCTTTAATGGA,0.812945590994371,0.6,70.84126799752272
GTCTGTGACTTGACCCTCGG,TGG,GTCTGTGACTTGACCCTCGGT,0.926620859760394,0.6,69.27774128933953
AACTCCGTCTCCTCGCCTTC,AGG,AACTCCGTCTCCTCGCCTTCA,0.134539523514068,0.6,70.45570633619695
ATTCTGGACCTCTATACACA,TGG,ATTCTGGACCTCTATACACAT,0.453605604921394,0.4,61.518682997248845
GAGCCCCTCATCCTCGATCA,CGG,GAGCCCCTCATCCTCGATCAC,0.845726806509194,0.6,71.21374630705827
ATGAGCTGGACAAGCCCCTG,GGG,ATGAGCTGGACAAGCCCCTGG,0.846787262106651,0.6,72.05220487882235
GCAGCCGGGACACACGCGCG,GGG,GCAGCCGGGACACACGCGCGG,0.829856071601354,0.8,79.5295637763843
AGAGATCGTTTCAGACTGTG,GGG,AGAGATCGTTTCAGACTGTGG,0.930228643336264,0.45,61.25985697120575
GGGCAGGGGTGTGGCTTCTG,GGG,GGGCAGGGGTGTGGCTTCTGG,0.611996017919362,0.7,76.59343136515298
GCACACAAGCTCGTGTCTGT,GGG,GCACACAAGCTCGTGTCTGTG,0.551718092566619,0.55,68.0769773183842
GCGGTGACATTGAGCACGTA,GGG,GCGGTGACATTGAGCACGTAG,0.807258909853249,0.55,67.85616753187571
GGTCAAAAGACATGATAGTG,AGG,GGTCAAAAGACATGATAGTGA,0.831394906300902,0.4,58.024375510133325
AATATGAGCACCAAAACCCC,AGG,AATATGAGCACCAAAACCCCA,0.835837438423645,0.45,63.76531206877644
GCCGATGACTGGCTTCGCTA,CGG,GCCGATGACTGGCTTCGCTAC,0.870429309849717,0.6,71.05515314192371
GACGGTGTCTAGTACGCCTG,GGG,GACGGTGTCTAGTACGCCTGG,0.94696534872661,0.6,69.20554401865832
GGCTGAGTCAGGACTAGCAA,AGG,GGCTGAGTCAGGACTAGCAAA,0.356174242424242,0.55,69.14424479202819
AAGAAGGGCCAGCAGTTCTG,TGG,AAGAAGGGCCAGCAGTTCTGT,0.740973055525253,0.55,68.9524052870322
AGCTTTCCTAGGCCAAAAAG,AGG,AGCTTTCCTAGGCCAAAAAGA,0.792554858934169,0.45,63.00571439669085
ACATCAAGATGACACACCAG,CGG,ACATCAAGATGACACACCAGC,0.849132123325671,0.45,62.42841000406236
GTGGTGTGAACGCGATGTCG,TGG,GTGGTGTGAACGCGATGTCGT,0.939307359307359,0.6,68.02984981406416
GTCACTGTGACCCCAAGAAG,GGG,GTCACTGTGACCCCAAGAAGG,0.855009825809125,0.55,67.15042168011468
AAAGGCCGGACTATTGCCAC,AGG,AAAGGCCGGACTATTGCCACA,0.326830490650366,0.55,69.25319758610306
GAGTGTGAGGTGCAAAAAGG,AGG,GAGTGTGAGGTGCAAAAAGGA,0.97132708155726,0.5,64.27047174555133
GATTCCCAGGGTGATCTGTG,TGG,GATTCCCAGGGTGATCTGTGT,0.830606394678818,0.55,67.47818561062076
GAAACAGATCGACCAGAAGG,AGG,GAAACAGATCGACCAGAAGGA,0.876095711916607,0.5,63.33247960479201
GAGCTGGCATTGTACAAGAG,GGG,GAGCTGGCATTGTACAAGAGG,0.938070701228595,0.5,64.57516528724
AGAGTGCATCGACCCCTCGG,TGG,AGAGTGCATCGACCCCTCGGT,0.90991826172029,0.65,73.20541344790098
GGCCGACAGCCTGTCCACCG,CGG,GGCCGACAGCCTGTCCACCGC,0.927603853100542,0.75,77.78622127884097
GCATCTGGTAGCCAGCATAG,CGG,GCATCTGGTAGCCAGCATAGC,0.430202039914133,0.55,68.30618678775397
GACAGCAATCATCGATACCG,TGG,GACAGCAATCATCGATACCGT,0.907667076670766,0.5,63.119217009116426
ACATACCCTTAGGAATGTCT,CGG,ACATACCCTTAGGAATGTCTC,0.327043485719186,0.4,61.68190225382233
GGTGAGCTGATATGGGCGCA,GGG,GGTGAGCTGATATGGGCGCAG,0.936080484537272,0.6,71.98910476819282
AATATATCCAGAAGTTGCTG,AGG,AATATATCCAGAAGTTGCTGA,0.865029690258385,0.35,56.44517379793734
GGTGACAGGCCTGATGACCA,AGG,GGTGACAGGCCTGATGACCAA,0.959797033567525,0.6,71.91069010777676
GCGATCAGGATAGCGAACCT,GGG,GCGATCAGGATAGCGAACCTG,0.847991447720077,0.55,68.07601546388764
GATCGAGGTCTATAAGCACG,AGG,GATCGAGGTCTATAAGCACGA,0.808835820895522,0.5,63.11247177046596
AAGGCCTTAAAGTACGTCCG,CGG,AAGGCCTTAAAGTACGTCCGC,0.951457074521651,0.5,64.7211115473765
GACTACTAGTACGAGGACGT,AGG,GACTACTAGTACGAGGACGTA,0.890563007746079,0.5,64.64773027524018
GGGAACATCTCGTCCACCGC,CGG,GGGAACATCTCGTCCACCGCC,0.916457136015325,0.65,72.27714613968305
GGTCGTGGAACGCCTTGTGG,TGG,GGTCGTGGAACGCCTTGTGGT,0.952854125652248,0.65,72.05220487882235
GGACAGAAATATCATCACGG,AGG,GGACAGAAATATCATCACGGA,0.991519942508084,0.45,60.7263500361741
AGTTCAAAGAGAATGCCAAT,GGG,AGTTCAAAGAGAATGCCAATG,0.320723368772149,0.35,57.91284034203966
GTAAGGGGCCCGTAGCCGGA,GGG,GTAAGGGGCCCGTAGCCGGAG,0.892406143927442,0.7,77.70906796227337
AAACGGGGTTCAACTGTGAT,GGG,AAACGGGGTTCAACTGTGATG,0.350286576168929,0.45,63.67373271932786
GTTACCCGTCCATTACGTCC,AGG,GTTACCCGTCCATTACGTCCA,0.71653407125562,0.55,66.93395986311123
GCTCCAGTGCCCGTAGATCA,GGG,GCTCCAGTGCCCGTAGATCAG,0.590295594379928,0.6,71.5921966361854
ATTCTGCTCTATGTATGTTG,TGG,ATTCTGCTCTATGTATGTTGT,0.749792358803986,0.35,56.35995674398123
GCTTTCTCTTCCATGATCCG,GGG,GCTTTCTCTTCCATGATCCGG,0.77557322470081,0.5,63.64217255741562
GCTCCCCGGGGACCTGACGA,GGG,GCTCCCCGGGGACCTGACGAG,0.833516081871345,0.75,79.08464401190804
ACAGTTGTGACAGCTACCAC,AGG,ACAGTTGTGACAGCTACCACA,0.963264077085215,0.5,66.04406035004786
GCCACGCTACACCCTCCACG,TGG,GCCACGCTACACCCTCCACGT,0.899533799533799,0.7,75.29547240289128
AGGTGAGTAAAAATTCCATG,GGG,AGGTGAGTAAAAATTCCATGG,0.949393117600228,0.35,56.12709600870318
AGCAGAATCCTATTTCCAGG,AGG,AGCAGAATCCTATTTCCAGGA,0.854376257545271,0.45,63.022037188940885
GTTGTAATATGTGTTTCCCG,AGG,GTTGTAATATGTGTTTCCCGA,0.958507499385296,0.4,57.48909474509537
GCTGTATACTTTCAGAAGGC,TGG,GCTGTATACTTTCAGAAGGCT,0.542879143443825,0.45,62.0353753874399
AGAATGGAATCAACAGTTCT,GGG,AGAATGGAATCAACAGTTCTG,0.364282051429789,0.35,57.76230619692842
GGTGGCTACTCTGCAGTCCG,TGG,GGTGGCTACTCTGCAGTCCGT,0.887045970262936,0.65,72.85481400433463
ATTATTCATAAATCCTGGTG,TGG,ATTATTCATAAATCCTGGTGT,0.804311990282838,0.3,53.09232644956728
AGACTGACTAGGTTTCTGCG,GGG,AGACTGACTAGGTTTCTGCGG,0.949297279402913,0.5,64.80332655992652
ATACATTAAAAGGAACACTA,AGG,ATACATTAAAAGGAACACTAA,0.710675150229763,0.25,51.1168415352538
AACACAGACACTTCCTGTGG,AGG,AACACAGACACTTCCTGTGGA,0.637008733624454,0.5,65.39348711725597
GAACTGCCTTATGAATTACG,AGG,GAACTGCCTTATGAATTACGA,0.945555902073912,0.4,57.41917243823565
GGAGATTTACCAACAACCAT,GGG,GGAGATTTACCAACAACCATG,0.715410320673478,0.4,60.18043349623065
ACCAATTAGCCTCCTACGGG,CGG,ACCAATTAGCCTCCTACGGGC,0.639058131407269,0.55,69.04465034695914
ACTGTAACTTAGGAATACTG,GGG,ACTGTAACTTAGGAATACTGG,0.803155807034941,0.35,56.05295555833811
GAAAAGGTTACAGCTCATCG,AGG,GAAAAGGTTACAGCTCATCGA,0.919604955384215,0.45,60.42932306504633
AAGCTAGTCGTTCTTGGCTC,AGG,AAGCTAGTCGTTCTTGGCTCA,0.667533220832088,0.5,65.41828080610497
ACACGTCCAACAATCAAGAA,TGG,ACACGTCCAACAATCAAGAAT,0.446478297532289,0.4,60.180493842819544
ATGTGAAAGAGTATGAGAAA,AGG,ATGTGAAAGAGTATGAGAAAA,0.621249341989822,0.3,54.46257532427097
GTGCCTTAGCAAGCACGTTG,GGG,GTGCCTTAGCAAGCACGTTGG,0.975898692810457,0.55,67.12868367829083
GTCTCCAGAGTCGTGTACAA,CGG,GTCTCCAGAGTCGTGTACAAC,0.786931818181818,0.5,64.95912976886444
GGGATGCGCGTTGCTTGACG,CGG,GGGATGCGCGTTGCTTGACGC,0.962091563809832,0.65,71.61410056753863
ATTACGCATTCAGTATGCAT,GGG,ATTACGCATTCAGTATGCATG,0.53039191385056,0.35,57.80582519905482
GATACAGCTGGTAAGCACCC,AGG,GATACAGCTGGTAAGCACCCA,0.85406976744186,0.55,68.55838757932867
AGAAACGCGCCGTCTGGAAG,CGG,AGAAACGCGCCGTCTGGAAGC,0.738814408011629,0.6,69.67336018210187
ATAGGCCCAATCAGCTCAGG,AGG,ATAGGCCCAATCAGCTCAGGA,0.840311004784689,0.55,69.53072341368346
GTTTGGTGCTCTCACAAATG,TGG,GTTTGGTGCTCTCACAAATGT,0.637997182079549,0.45,61.15266130243788
GCTGGCACAATAAAGAACCA,GGG,GCTGGCACAATAAAGAACCAG,0.929962876652937,0.45,63.47535081783508
ATGAGGGCACGGATACACCC,TGG,ATGAGGGCACGGATACACCCT,0.932158119658119,0.6,72.03367600123909
GCTGCAGTCTTTGTGGGACA,AGG,GCTGCAGTCTTTGTGGGACAA,0.462388181078883,0.55,69.02962977585122
ATGCGGGAGGCAGGTTCCCG,AGG,ATGCGGGAGGCAGGTTCCCGA,0.253298947478661,0.7,76.79544152144422
GCACAGCCTCAAGCAAACAC,AGG,GCACAGCCTCAAGCAAACACA,0.867002926707765,0.55,67.92428439109398
GTTATAGCGCATTGCCATGA,TGG,GTTATAGCGCATTGCCATGAT,0.328081515011496,0.45,63.192302180745
GGCAAGTCTCCGCATATGCC,TGG,GGCAAGTCTCCGCATATGCCT,0.717151269782848,0.6,70.8429990752644
GGCCACCACAGACTTGCACA,TGG,GGCCACCACAGACTTGCACAT,0.762808641975308,0.6,72.0309534914827
AGGTTGGAGACCCGACTGAA,GGG,AGGTTGGAGACCCGACTGAAG,0.766936488169364,0.55,69.48638131014269
GGTACTGGCGGTGGCCTCTG,CGG,GGTACTGGCGGTGGCCTCTGC,0.722082465880175,0.7,76.06716165373075
AGATTATGCACTGGATGCTG,CGG,AGATTATGCACTGGATGCTGC,0.725678066037735,0.45,63.096456934346406
ATTTACTGGCTGACGAACCA,AGG,ATTTACTGGCTGACGAACCAA,0.361042043399638,0.45,63.841446903553276
GCTCACTCTCCAACTTACTC,TGG,GCTCACTCTCCAACTTACTCT,0.214863664363567,0.5,64.5532868669377
GTCATACACGGTGTCTGTTG,AGG,GTCATACACGGTGTCTGTTGA,0.812031675848919,0.5,63.514456098053586
GCTCAGTGAAGTCCCCAGCG,TGG,GCTCAGTGAAGTCCCCAGCGT,0.867045554906223,0.65,72.57278002228509
GAAATCCACCTTCCAGATCA,GGG,GAAATCCACCTTCCAGATCAG,0.68348828146746,0.45,63.05262198774375
ACACTTGATCGTATTGGCAC,AGG,ACACTTGATCGTATTGGCACA,0.697823826500297,0.45,62.48980629131438
GAATGCTAGAGCGTGCTCGC,GGG,GAATGCTAGAGCGTGCTCGCG,0.529670407393436,0.6,69.68923253206987
AACCAAGCCTGATGGAACAG,TGG,AACCAAGCCTGATGGAACAGT,0.866025913338997,0.5,65.88824421794618
AAGACATGACACTTACAAGA,TGG,AAGACATGACACTTACAAGAT,0.553777610441767,0.35,57.717275118426755
GGGACCCCGACAGCTGCGGT,TGG,GGGACCCCGACAGCTGCGGTT,0.940807154109906,0.75,79.51313607241292
ATGCCGCGGCCAGCACATTG,CGG,ATGCCGCGGCCAGCACATTGC,0.460176503033645,0.65,74.17673790267929
GGGCCAAGTGTTGACGACCA,GGG,GGGCCAAGTGTTGACGACCAG,0.925025100401606,0.6,71.36779507195223
AGAACGACCACCTCTAGACG,TGG,AGAACGACCACCTCTAGACGT,0.887707775185089,0.55,67.04411369435923
GGGTACCGTTGACCCCCTTG,GGG,GGGTACCGTTGACCCCCTTGG,0.828816621499548,0.65,73.34531875370885
GCTACCTGTATCAATGGCTG,GGG,GCTACCTGTATCAATGGCTGG,0.906436351091616,0.5,65.10386862212374
GCCCCACCTTGAACACATCG,AGG,GCCCCACCTTGAACACATCGA,0.9267498643516,0.6,69.94855040095302
GTCCATTACTCACAAAGAAA,AGG,GTCCATTACTCACAAAGAAAA,0.369215530903327,0.35,56.439341535780784
GGAGGCCCGTCCACTATCGG,AGG,GGAGGCCCGTCCACTATCGGA,0.903741765480896,0.7,75.389234230088
AGGACGATAGCCTTCCCGCG,GGG,AGGACGATAGCCTTCCCGCGG,0.883652968036529,0.65,73.24070985243287
GGCCTTGACCACTGTGCAAG,TGG,GGCCTTGACCACTGTGCAAGT,0.50420673076923,0.6,70.57000007817732
GCTTCTCGAAGTGCTCCCGG,AGG,GCTTCTCGAAGTGCTCCCGGA,0.960206339405166,0.65,71.94455777221992
GTCTGTGCACCACGTGGAGT,GGG,GTCTGTGCACCACGTGGAGTG,0.849638469065999,0.6,71.02301418754382
GGCTGCAGCCCTGACAACGG,GGG,GGCTGCAGCCCTGACAACGGG,0.958575556688764,0.7,75.88289170935167
GCTGTTAACCTCCGACGGGA,GGG,GCTGTTAACCTCCGACGGGAG,0.87927698742014,0.6,70.9200304876465
ACCATAGCCACCAAAGCCCC,AGG,ACCATAGCCACCAAAGCCCCA,0.825119319360863,0.6,73.21882068015219
GACTTAAAACACTTACGTCA,CGG,GACTTAAAACACTTACGTCAC,0.564705882352941,0.35,55.37731400756138
GAGGAGGGCGTCCAGCCCTG,GGG,GAGGAGGGCGTCCAGCCCTGG,0.222669346791651,0.75,78.44620135065156
GGACGCGGCCGAAGACCTCA,AGG,GGACGCGGCCGAAGACCTCAA,0.75638228377319,0.7,75.67663334176405
AGGAAATATTGAACACATCG,AGG,AGGAAATATTGAACACATCGA,0.86632094497263,0.35,55.319814292509136
AAGGAACTGTGACCCGATGG,TGG,AAGGAACTGTGACCCGATGGT,0.890295624422608,0.55,68.08192580115434
ACCATTAGCCTCGTCCGCCG,GGG,ACCATTAGCCTCGTCCGCCGG,0.920375997481487,0.65,73.3164465562034
GCGGCATAGAGACATATTGC,AGG,GCGGCATAGAGACATATTGCA,0.575563253547126,0.5,64.90087599787444
GCGCAACATGCATCAGATGA,CGG,GCGCAACATGCATCAGATGAC,0.687448347107438,0.5,65.62418193945831
GAAGCCATATTGCGTAGGCG,AGG,GAAGCCATATTGCGTAGGCGA,0.693421468845487,0.55,66.97680780793274
ACAGACATTCCGAATGTCGA,TGG,ACAGACATTCCGAATGTCGAT,0.651857445966842,0.45,62.608453006086336
GAATCCCGATGCATTTCATG,AGG,GAATCCCGATGCATTTCATGA,0.870192307692307,0.45,60.90514700277657
AAACTTGTACATTGCCAAAG,TGG,AAACTTGTACATTGCCAAAGT,0.326959541913076,0.35,55.990738567194626
GATCTTCTTCACACCCGGCG,AGG,GATCTTCTTCACACCCGGCGA,0.726609670096121,0.6,68.98931295258672
GCATCACCTGAGATCAGCGA,TGG,GCATCACCTGAGATCAGCGAT,0.753384216589861,0.55,68.19915654470634
AAGAGCAAAGTGGGCCCCTG,GGG,AAGAGCAAAGTGGGCCCCTGG,0.71813725490196,0.6,72.31136680078424
GATCTCGTACACCCTATCCA,GGG,GATCTCGTACACCCTATCCAG,0.759114869764296,0.5,65.70475801894787
AGGGCACTGGAATGGACAGC,AGG,AGGGCACTGGAATGGACAGCA,0.492638313209587,0.6,72.36731489495759
GGGCACCACAAAGCCCACGG,TGG,GGGCACCACAAAGCCCACGGT,0.9407025459233,0.7,76.18465813857966
AGGCTGCTAAGACAATCCGG,TGG,AGGCTGCTAAGACAATCCGGT,0.962202354607418,0.55,68.59397179217575
AAATCTGGAGACCTAGTCTG,GGG,AAATCTGGAGACCTAGTCTGG,0.850511675633701,0.45,62.491068487588336
GTGTAGACAAAGGCCTACAG,TGG,GTGTAGACAAAGGCCTACAGT,0.916666666666666,0.5,64.64773027524006
GGAAGCAGTTACTGTGCCAG,AGG,GGAAGCAGTTACTGTGCCAGA,0.774619905674806,0.55,67.69928292334333
AAATACATGAGCTTTACATC,AGG,AAATACATGAGCTTTACATCA,0.464264936227343,0.3,53.361740398453605
AAATGATTATGCTGTGGTCA,TGG,AAATGATTATGCTGTGGTCAT,0.174831740342493,0.35,58.38501654089299
AGAAGCTGTTAGAACAGGAG,AGG,AGAAGCTGTTAGAACAGGAGA,0.884800981461286,0.45,62.402655847166386
AGTGTCATTAACGTTTCCAG,TGG,AGTGTCATTAACGTTTCCAGT,0.8375401017716,0.4,58.40700703590926
AAGAACACTCTGATTATGTG,AGG,AAGAACACTCTGATTATGTGA,0.843172262857801,0.35,55.908545913991816
GGCTCCAGTTTCGGAGCGGA,TGG,GGCTCCAGTTTCGGAGCGGAT,0.816433566433566,0.65,73.61179247140075
GGGCGTTGGGCAGTATACAT,TGG,GGGCGTTGGGCAGTATACATT,0.592387693196591,0.55,69.60584655443103
AAGACCTGCGCTTCACACCA,GGG,AAGACCTGCGCTTCACACCAG,0.954780361757105,0.55,69.68435399287728
GCAGAGCGTCCGGCTGCCAG,GGG,GCAGAGCGTCCGGCTGCCAGG,0.932358274832781,0.75,77.8931205665649
GGGCTCCCCAGTGACGACCG,GGG,GGGCTCCCCAGTGACGACCGG,0.97209769858705,0.75,77.657084610639
ACCCAGCGCTTGTAGGCCCG,GGG,ACCCAGCGCTTGTAGGCCCGG,0.880148336604131,0.7,77.24428931968885
ACACAGAGATGACAGATAGA,GGG,ACACAGAGATGACAGATAGAG,0.511865081706094,0.4,61.00565890469949
GCTGATATTAGACTAAGCTG,TGG,GCTGATATTAGACTAAGCTGT,0.934545454545454,0.4,58.39271762053244
GAGGAAAGCGTTTATTGTAG,AGG,GAGGAAAGCGTTTATTGTAGA,0.635377358490566,0.4,57.19370561904884
ACCATACCATATTTCACCAG,TGG,ACCATACCATATTTCACCAGT,0.679342620356488,0.4,60.05461342360809
GTGGTGTTCTGCGAAGCACC,AGG,GTGGTGTTCTGCGAAGCACCA,0.88094512747978,0.6,70.0302290715677
GTGGACCTATGTCATCAGCG,TGG,GTGGACCTATGTCATCAGCGT,0.924950033311126,0.55,66.90687513373865
GTTTGCACGGGAGTGCACGT,AGG,GTTTGCACGGGAGTGCACGTA,0.353616236162361,0.6,70.77274420435424
ACCTGTTAATCTGATTCACC,GGG,ACCTGTTAATCTGATTCACCG,0.507880020335536,0.4,59.99630826259829
ATCCCCAGGAACTCACACGG,TGG,ATCCCCAGGAACTCACACGGT,0.981481481481481,0.6,71.1066658698727
GTCATCACGGACAATCACCA,CGG,GTCATCACGGACAATCACCAC,0.920468239606622,0.5,65.2215775959591
GGACTGGGAGGATCTACAGC,AGG,GGACTGGGAGGATCTACAGCA,0.86311475409836,0.6,70.92228371863644
ACACCGGCACTATCACCATA,AGG,ACACCGGCACTATCACCATAA,0.527327935222672,0.5,67.40609245636102
GAAGTGGTTGATCTCCCGAG,AGG,GAAGTGGTTGATCTCCCGAGA,0.949980021975826,0.55,66.47646930253347
AGGTCCGGATATATTCACCA,AGG,AGGTCCGGATATATTCACCAA,0.957632394741135,0.45,64.36304784393894
GTTAGGGCTGAATTCCATCA,GGG,GTTAGGGCTGAATTCCATCAG,0.807914679488007,0.45,63.482617287238156
GGTCCCTGCCAGGCACGAGG,GGG,GGTCCCTGCCAGGCACGAGGG,0.881598793363499,0.75,78.52310143751896
ATGTGAGGGACACCAGCAGG,AGG,ATGTGAGGGACACCAGCAGGA,0.814435146443514,0.6,71.7812367438911
ACTCTCAAGAGGTCTAGTAC,CGG,ACTCTCAAGAGGTCTAGTACC,0.681396172927002,0.45,62.78181921618824
GGAGCTCTTTCCTGTCTATG,CGG,GGAGCTCTTTCCTGTCTATGC,0.740450022444249,0.5,64.43022031949084
ATAGAAATAGCTGCGGCTCG,TGG,ATAGAAATAGCTGCGGCTCGT,0.809927360774818,0.5,64.9629360204433
AGAAGCATGTACCCATAATG,TGG,AGAAGCATGTACCCATAATGT,0.876239962210675,0.4,60.05417477576515
GAAGAACAGGATCACACTAG,AGG,GAAGAACAGGATCACACTAGA,0.802601014490463,0.45,61.023939257533925
GAAGGAGCGGAGCAACCGGG,CGG,GAAGGAGCGGAGCAACCGGGC,0.918884050959522,0.7,75.18311694771342
GAGCTGCAAGTCGTACCCAT,CGG,GAGCTGCAAGTCGTACCCATC,0.799254647276561,0.55,68.75632453573246
AGGAGAACCTGCAGAGGCAT,CGG,AGGAGAACCTGCAGAGGCATC,0.916066649675035,0.55,70.59719957746495
GACCTATGACAAAACGCCGC,TGG,GACCTATGACAAAACGCCGCT,0.675551470588235,0.55,66.80378182767038
AGGAAGTCGATCATGAGCGT,GGG,AGGAAGTCGATCATGAGCGTG,0.90430216802168,0.5,65.79717686604926
AGCAATGGTAGAGAACCCGG,CGG,AGCAATGGTAGAGAACCCGGC,0.922041294167731,0.55,68.56657084853668
ATCTGTCCTTAACTCATCAA,AGG,ATCTGTCCTTAACTCATCAAA,0.557461819056399,0.35,57.9656420498531
AGATTGGAATCCTTTAATGC,AGG,AGATTGGAATCCTTTAATGCA,0.491283839212469,0.35,56.934879100081844
GATTTAATGTCATACAATTA,AGG,GATTTAATGTCATACAATTAA,0.193896713615023,0.2,46.28305010864142
AGACCGCAACAGCCAACCAG,TGG,AGACCGCAACAGCCAACCAGT,0.951492537313432,0.6,71.25429908401549
GTGGAGAACTGTGCTGTACG,GGG,GTGGAGAACTGTGCTGTACGG,0.94828125,0.55,66.56689679831908
GCTCTGCTCGCTGGTGTACG,AGG,GCTCTGCTCGCTGGTGTACGA,0.943375881564375,0.65,72.09566508360041
AGAATGGGGCCTGGCACTGG,GGG,AGAATGGGGCCTGGCACTGGG,0.809924857531897,0.65,75.28765988304974
GTGACTTGTCAAGACAGCTG,TGG,GTGACTTGTCAAGACAGCTGT,0.965686274509804,0.5,63.88622240068497
ACATCCCTGATCCTGGACGA,TGG,ACATCCCTGATCCTGGACGAT,0.924846986817325,0.55,69.57826201223128
GAGGCTGGACCGACTGTCGG,AGG,GAGGCTGGACCGACTGTCGGA,0.897060705211398,0.7,74.5416484539972
AAACCTTATTTCGAGCATCC,AGG,AAACCTTATTTCGAGCATCCA,0.0853728095798184,0.4,59.29335424234296
GCTCCGTGCCAGTCCGGGCC,CGG,GCTCCGTGCCAGTCCGGGCCC,0.760256217079734,0.8,81.04826548353702
AAGAGACATTGGAGCTAGGG,CGG,AAGAGACATTGGAGCTAGGGC,0.875126353626972,0.5,65.9870303595265
GCTGAGCACCAAGTACTCCG,TGG,GCTGAGCACCAAGTACTCCGT,0.915010044912856,0.6,69.87555840909653
ACTGAAACAATTGCTTCCAG,GGG,ACTGAAACAATTGCTTCCAGG,0.959401709401709,0.4,59.24092241933022
GAGGACGTCGGACTGACCAG,CGG,GAGGACGTCGGACTGACCAGC,0.898889685765134,0.65,71.3424614243844
AAAGGTTTCTCTCTAGTGTG,AGG,AAAGGTTTCTCTCTAGTGTGA,0.593086032741205,0.4,58.98656945993412
ATAGTCAAATATCCCTTCAG,TGG,ATAGTCAAATATCCCTTCAGT,0.9008748723661,0.35,56.39905243806152
ACTTGTACTCGCCAGGAATG,GGG,ACTTGTACTCGCCAGGAATGG,0.619005847953216,0.5,65.17648732133154
GAGCATTACAACAGCCATCG,AGG,GAGCATTACAACAGCCATCGA,0.899758230927962,0.5,63.997267750417336
GCACCAGCTTCGATCCCTCG,GGG,GCACCAGCTTCGATCCCTCGG,0.691334168677654,0.65,72.00129861560009
GATTGCGACCTGAACTGTGA,GGG,GATTGCGACCTGAACTGTGAG,0.763679245283018,0.5,65.1132686429454
AGGCCCCCAATGTCCCCCGC,CGG,AGGCCCCCAATGTCCCCCGCC,0.790459575393988,0.75,80.91581668892707
GCTGGAAGAACATGGCAAAG,TGG,GCTGGAAGAACATGGCAAAGT,0.61747790665562,0.5,64.58709518992094
ACATGCTGTCTTGGCAGACG,TGG,ACATGCTGTCTTGGCAGACGT,0.879812390072308,0.55,68.0008344219475
AAACTCAACCATCTCCAGAG,AGG,AAACTCAACCATCTCCAGAGA,0.65378421900161,0.45,62.3520528295453
ACATCATCCGGAATATTGCC,AGG,ACATCATCCGGAATATTGCCA,0.615962025921851,0.45,63.03518805718767
AGGCAGACAAGTTCACAGTG,AGG,AGGCAGACAAGTTCACAGTGA,0.940519957983193,0.5,65.41020702951897
AGCAATATTTGACACTGCTA,GGG,AGCAATATTTGACACTGCTAG,0.742665404800825,0.35,58.34192298727851
AACTTCTTAATAGGACGACC,AGG,AACTTCTTAATAGGACGACCA,0.64204598434471,0.4,59.09832838834575
GCACAAATCTACGCACAGAG,AGG,GCACAAATCTACGCACAGAGA,0.888258120149468,0.5,63.69307437461009
GCTGCCTGGACCCATATGCG,GGG,GCTGCCTGGACCCATATGCGG,0.974487988094394,0.65,73.55554475069835
ACCTTGGGTATCTCCTGCCA,TGG,ACCTTGGGTATCTCCTGCCAT,0.816952512207986,0.55,70.95764459274767
GGTTGGTGCAAAAGGAATTG,CGG,GGTTGGTGCAAAAGGAATTGC,0.91156462585034,0.45,61.48614705152039
GGAAGAGGCCACAACAGACG,TGG,GGAAGAGGCCACAACAGACGT,0.89110779930452,0.6,69.58493667999767
ACAGGTCCACGTCTGACCGG,GGG,ACAGGTCCACGTCTGACCGGG,0.926568100358423,0.65,72.94846946967965
GCACCAGTTCTGGCCGCTGG,TGG,GCACCAGTTCTGGCCGCTGGT,0.933468468468468,0.7,75.88289170935167
GGTTCGCGAGTCCTACCCAC,GGG,GGTTCGCGAGTCCTACCCACG,0.882550335570469,0.65,72.50276736175329
AGAGTACTATCCCAACTGTG,AGG,AGAGTACTATCCCAACTGTGA,0.914330544342603,0.45,62.761564311648954
ACAAGGACAACATCTGACCC,AGG,ACAAGGACAACATCTGACCCA,0.881715014500288,0.5,66.02645957057223
AGATCCACTTGCTGTGTCTG,GGG,AGATCCACTTGCTGTGTCTGG,0.785158136166103,0.5,65.46875524351208
AACAGTGCCAGCTTGTTGAT,GGG,AACAGTGCCAGCTTGTTGATG,0.213943578085547,0.45,64.49290160973914
ACTGTTTCACGATCTCCGAG,TGG,ACTGTTTCACGATCTCCGAGT,0.71412037037037,0.5,63.7647451636858
ACTTGAAAGCTGGCTTCACA,TGG,ACTTGAAAGCTGGCTTCACAT,0.377664201826881,0.45,64.28378960759835
AGGTGTAAGTGTGGCCGTTG,GGG,AGGTGTAAGTGTGGCCGTTGG,0.864752927734932,0.55,68.40343035571357
GAAATTGCTCCATGATGGAA,GGG,GAAATTGCTCCATGATGGAAG,0.581863768301008,0.4,60.180529163388655
AGCCATCTCGAAGATCAAGT,GGG,AGCCATCTCGAAGATCAAGTG,0.688311688311688,0.45,63.47905565760141
AGGACAGGGCAGGAGAGGAC,AGG,AGGACAGGGCAGGAGAGGACA,0.872148789332085,0.65,74.74616031645564
ATGCAGTACTTATTATGGTG,AGG,ATGCAGTACTTATTATGGTGA,0.773921179600487,0.35,56.66332735405979
GTTGGAATAAACTTGTCAGC,TGG,GTTGGAATAAACTTGTCAGCT,0.179794889279689,0.4,58.495041932935976
AGGTCCTGAGCGCGGCCAAG,CGG,AGGTCCTGAGCGCGGCCAAGC,0.874280280468562,0.7,76.55316175150784
GTTGGAACGTTATGCTAAGA,GGG,GTTGGAACGTTATGCTAAGAG,0.353057681053805,0.4,59.236653324818974
AATCACTAGTCTTCCAGATG,GGG,AATCACTAGTCTTCCAGATGG,0.923115457628218,0.4,59.320417509412096
GGAACTCCGAGAATTCCAGG,AGG,GGAACTCCGAGAATTCCAGGA,0.977341772151898,0.55,66.65988565344367
GAAATTCCGTCCATTGCTGG,GGG,GAAATTCCGTCCATTGCTGGG,0.583157035491412,0.5,63.92987487439353
GTAGTGCGTCCCAAAACACA,GGG,GTAGTGCGTCCCAAAACACAG,0.840544596912521,0.5,65.51334647053977
ACAAAATGGTTGGATTGCTG,TGG,ACAAAATGGTTGGATTGCTGT,0.77450912183055,0.4,59.61575788144819
GGGCCGGGGACTTGTCGCTG,AGG,GGGCCGGGGACTTGTCGCTGA,0.897440418466602,0.75,78.07499749896459
GGAAATCCATCATGGACTGT,GGG,GGAAATCCATCATGGACTGTG,0.618779053869291,0.45,63.247859163623616
GGTACCGCTACGCCTACCAC,CGG,GGTACCGCTACGCCTACCACC,0.930849278281302,0.65,73.44714906086216
AAGTCATTTACATCCTTGTG,AGG,AAGTCATTTACATCCTTGTGA,0.805338072664274,0.35,56.04554164633436
GCTGAACCTACCTTCACGCA,GGG,GCTGAACCTACCTTCACGCAG,0.943517705589698,0.55,68.59475774454296
GTGGTATACCAGGAAGCATG,GGG,GTGGTATACCAGGAAGCATGG,0.90196725768551,0.5,65.08777104233252
ACTGGGGCTGCTGTTAACTG,AGG,ACTGGGGCTGCTGTTAACTGA,0.899829505667921,0.55,69.28560426641997
GTGCCCGTGATCCGGAATGG,TGG,GTGCCCGTGATCCGGAATGGT,0.935841170323928,0.65,72.32677526122183
AGCTACACTCACCTTTACGC,AGG,AGCTACACTCACCTTTACGCA,0.498002189381499,0.5,65.7205792696547
GGCAAGACCACTTCGGTTCA,AGG,GGCAAGACCACTTCGGTTCAA,0.216946734305643,0.55,68.31914291668772
GTCATCTTTAAGTACATCGA,GGG,GTCATCTTTAAGTACATCGAG,0.851201939945887,0.35,55.74267810984304
AGGAGACACTCCATTCTTGG,GGG,AGGAGACACTCCATTCTTGGG,0.826142329077749,0.5,65.55973474923269
AATGCTGTGTGTGAAGATGG,TGG,AATGCTGTGTGTGAAGATGGT,0.878521845651286,0.45,62.64252934265926
GCAGCGGCCCCGCCTACGTA,AGG,GCAGCGGCCCCGCCTACGTAA,0.743107769423558,0.75,79.96133602183085
GCCAAATAGTGGAAAAGACG,AGG,GCCAAATAGTGGAAAAGACGA,0.922057298418459,0.45,60.62139003907157
AAGTACGACTACGCGGCGGG,CGG,AAGTACGACTACGCGGCGGGC,0.793113425925925,0.65,72.74059066384939
ACTGGTCGAATTCGCCGCTC,TGG,ACTGGTCGAATTCGCCGCTCT,0.519110146126275,0.6,70.0361994647231
GGAGACTTTAGCAAGGACGA,GGG,GGAGACTTTAGCAAGGACGAG,0.859835236305824,0.5,65.31422021987044
GGGCATTGTGGCTTAAGTCA,AGG,GGGCATTGTGGCTTAAGTCAA,0.691210950021522,0.5,66.69651025892506
GGCCAGATGGTCCTAGTGCT,GGG,GGCCAGATGGTCCTAGTGCTG,0.835311629202541,0.6,72.57533152386947
GGAGTTTGAGGAGCAGACTG,TGG,GGAGTTTGAGGAGCAGACTGT,0.966049382716049,0.55,67.10560791085794
AAGAGACTGTGACTCTTCCT,TGG,AAGAGACTGTGACTCTTCCTT,0.385647918824394,0.45,63.74368947014466
AGCAAGCCAGCTCGGTTCAG,GGG,AGCAAGCCAGCTCGGTTCAGG,0.814361825118501,0.6,71.21684317710839
GCCATACAGATACGAAGCCA,AGG,GCCATACAGATACGAAGCCAA,0.758007550846425,0.5,66.05261931523808
GAATCCCTGGAAATCGCCGA,TGG,GAATCCCTGGAAATCGCCGAT,0.85459233261339,0.55,67.943343200985
GCCTATGAAAAATAGAATGG,TGG,GCCTATGAAAAATAGAATGGT,0.901704810121417,0.35,55.09127671896027
AAATGTCTTCAACTGATGCA,GGG,AAATGTCTTCAACTGATGCAG,0.777583108715184,0.35,57.91208407676379
AATCACAGCCCAAAGGACTG,TGG,AATCACAGCCCAAAGGACTGT,0.646726085257614,0.5,65.88824421794612
GTTATGGCGGCTGTGGCTAT,GGG,GTTATGGCGGCTGTGGCTATG,0.444738934534852,0.55,69.63668921650049
GCCCTGAACACGCGACCGGG,TGG,GCCCTGAACACGCGACCGGGT,0.906490015360983,0.75,77.32405403165023
AAATACCATACCTTGCAAGG,AGG,AAATACCATACCTTGCAAGGA,0.694991343625524,0.4,60.051095427270525
GAACAGCCCCCTAAACAACG,AGG,GAACAGCCCCCTAAACAACGA,0.854327549894694,0.55,67.21019021329624
AATGTTCGGCAACTGCCACA,AGG,AATGTTCGGCAACTGCCACAA,0.529411764705882,0.5,66.97227494822539
GCCCATCTCCAACGTAACCT,CGG,GCCCATCTCCAACGTAACCTC,0.701195219123505,0.55,68.9382996589087
ACTTCTTATTACTTTAGCTG,AGG,ACTTCTTATTACTTTAGCTGA,0.20196498996748,0.3,52.285854159054
ACATAGTACCGCCGGCCCTG,AGG,ACATAGTACCGCCGGCCCTGA,0.661199702553086,0.65,74.50964116196633
ACGTCGCCCCAAACCTGCAG,AGG,ACGTCGCCCCAAACCTGCAGA,0.807841139697091,0.65,73.67813651568252
GCACTCAGCGCAAGAAGATG,CGG,GCACTCAGCGCAAGAAGATGC,0.627308962409169,0.55,66.67020220025148
AAGGGAAGGATGCGAGTCAG,GGG,AAGGGAAGGATGCGAGTCAGG,0.927946080058155,0.55,68.03824505357483
AGTGAGCGCACTGCTGCCCC,GGG,AGTGAGCGCACTGCTGCCCCG,0.848561565017261,0.7,77.41321018979812
ACCAAAACATTGCAGTGAGA,TGG,ACCAAAACATTGCAGTGAGAT,0.306437079886828,0.4,61.15266130243799
GACACGGTAAGCTCCATAGC,CGG,GACACGGTAAGCTCCATAGCC,0.354393972111527,0.55,67.64228099386952
AGGGGTTGAAGTGAGACTTG,AGG,AGGGGTTGAAGTGAGACTTGA,0.93758203445447,0.5,65.50187389255171
GCTCATTAATTACGTGCAAA,CGG,GCTCATTAATTACGTGCAAAC,0.0509815904056221,0.35,56.04438508739082
GCACACTTGGCACAGCCCAG,GGG,GCACACTTGGCACAGCCCAGG,0.814546685549592,0.65,73.61450323760886
ACTGAGAATTACAAGCACCG,GGG,ACTGAGAATTACAAGCACCGG,0.896066938498131,0.45,61.86014686275746
GCTATTGGGCGTCCTAATGG,AGG,GCTATTGGGCGTCCTAATGGA,0.785142823278416,0.55,67.83128686189627
GAACCACGACTTAAGTCAAG,AGG,GAACCACGACTTAAGTCAAGA,0.703999084692833,0.45,60.11844860819792
AGCCATCACAGATCTTCTCT,CGG,AGCCATCACAGATCTTCTCTC,0.23690413596438,0.45,64.19234655920798
GAGGCTTGGAATCCGCATGT,TGG,GAGGCTTGGAATCCGCATGTT,0.502533783783783,0.55,68.79969974657905
GGTTCACGTTGTGCGACAGG,CGG,GGTTCACGTTGTGCGACAGGC,0.91078753076292,0.6,68.83246957736088
GCGCCACAGAGACATATAAG,TGG,GCGCCACAGAGACATATAAGT,0.901556957035869,0.5,64.15015757205128
GATATTACCACTAGTCTCCG,TGG,GATATTACCACTAGTCTCCGT,0.963511420828494,0.45,60.86654439683781
ACCTGCTGGGACAGGGATTC,AGG,ACCTGCTGGGACAGGGATTCA,0.268813926708663,0.6,72.25828604782248
AACTTCAAGGTTTAAAAACG,AGG,AACTTCAAGGTTTAAAAACGA,0.848007528025529,0.3,50.84276642886431
ATTCACTGCAATCAGAATGT,TGG,ATTCACTGCAATCAGAATGTT,0.284769335142469,0.35,58.023177873746135
GGAGGGACATAATGGCGGTG,GGG,GGAGGGACATAATGGCGGTGG,0.925825965975132,0.6,70.43782602722337
GGAGAAGTAAAGTAGAACTT,TGG,GGAGAAGTAAAGTAGAACTTT,0.615746683782627,0.35,56.17441019833194
GAAACTGACCAAAGTCACTC,AGG,GAAACTGACCAAAGTCACTCA,0.331364942175952,0.45,61.19425723866152
AGCCTCCAGTTCAAACACAG,AGG,AGCCTCCAGTTCAAACACAGA,0.951041666666666,0.5,65.58589063610259
GCTGGGGAACCTCATAGCAC,TGG,GCTGGGGAACCTCATAGCACT,0.855492164367733,0.6,71.32244983308226
AGACACAGTGCAGATTAGGC,GGG,AGACACAGTGCAGATTAGGCG,0.623754419800707,0.5,66.29508636438914
AGGAGCGATTCCGAAGCCTG,AGG,AGGAGCGATTCCGAAGCCTGA,0.936376483889202,0.6,70.51412100204539
ATTTCTGCCAGGACCCAGTC,GGG,ATTTCTGCCAGGACCCAGTCG,0.0774058757646247,0.55,69.3010316599611
AGTACTGCGAGCCGAAGGGT,GGG,AGTACTGCGAGCCGAAGGGTG,0.984375,0.6,72.42487052286265
GCATCTCCATGAGTTCCAGT,GGG,GCATCTCCATGAGTTCCAGTG,0.533796857391932,0.5,66.0956801046026
ACCAATGTACTATCGAGGGT,CGG,ACCAATGTACTATCGAGGGTC,0.80090909090909,0.45,64.1251962265286
AAGGTCACCAGATAAACAAA,TGG,AAGGTCACCAGATAAACAAAT,0.51022112173212,0.35,57.97415813704697
GTGGCTGTACATGTCCCGAG,AGG,GTGGCTGTACATGTCCCGAGA,0.908768406961178,0.6,69.92306726475715
GGAGGCTCCTACGCCTGCGC,CGG,GGAGGCTCCTACGCCTGCGCC,0.911764705882352,0.75,78.6707943051357
AATGGGAGACCGAGCGAGCG,CGG,AATGGGAGACCGAGCGAGCGC,0.955350005709718,0.65,72.69870936482766
GTAGATGAAATGGACACCTG,CGG,GTAGATGAAATGGACACCTGC,0.935557397430584,0.45,61.387362228992174
ATGTTAGATTCGGTAGCCAG,TGG,ATGTTAGATTCGGTAGCCAGT,0.864666809358142,0.45,62.31392050367026
GGCAACTATTCGGAGCGCGT,GGG,GGCAACTATTCGGAGCGCGTG,0.683032786885245,0.6,70.63654359901693
GCCCGTGGGTGTGCAGAGTG,AGG,GCCCGTGGGTGTGCAGAGTGA,0.93287399670391,0.7,75.5669351868383
GCCCGGCGCGCAGCAGATCG,CGG,GCCCGGCGCGCAGCAGATCGC,0.8545151179941,0.8,79.79835987303198
ATTAAAGGCCCCATAACCAC,TGG,ATTAAAGGCCCCATAACCACT,0.694557823129251,0.45,64.15536812135309
GTGGACAGCCTGCGGACCAC,CGG,GTGGACAGCCTGCGGACCACC,0.919572436695724,0.7,75.75798575649026
GACCATGGTGGATTCGTATG,GGG,GACCATGGTGGATTCGTATGG,0.765984654731457,0.5,64.04819078659307
GCCCCGCCCGCCAATCGGGA,GGG,GCCCCGCCCGCCAATCGGGAG,0.935300207039337,0.8,82.19576907956946
GGCACGACCTCATCTTCTAA,AGG,GGCACGACCTCATCTTCTAAA,0.0738589413477609,0.5,65.43964719992175
GCCCGTGTAGTGTTCGATGT,TGG,GCCCGTGTAGTGTTCGATGTT,0.457550175215036,0.55,67.88968787130909
AACTATGGCTATGCTAATAG,TGG,AACTATGGCTATGCTAATAGT,0.567700194242818,0.35,56.84491713513444
GGATCCACCCCCATTCACCT,GGG,GGATCCACCCCCATTCACCTG,0.779073756432247,0.6,72.5094290005672
AACTAGACAGAGTATTCCAC,AGG,AACTAGACAGAGTATTCCACA,0.855569387313271,0.4,59.809254379120375
AATGGACTCACCCATCAGCT,GGG,AATGGACTCACCCATCAGCTG,0.629528985507246,0.5,67.620491755106
GGCACCAGTACAACGACCTG,CGG,GGCACCAGTACAACGACCTGC,0.92032967032967,0.6,69.91544528386703
GTGGTTAATGAGCTCCACCA,CGG,GTGGTTAATGAGCTCCACCAC,0.956133594734631,0.5,66.42317207755809
GGGGTCCCCGAACGTTACTG,GGG,GGGGTCCCCGAACGTTACTGG,0.878060195852534,0.65,72.46521283894486
GAGCTGTAGAATCCAGCTGT,AGG,GAGCTGTAGAATCCAGCTGTA,0.833841463414634,0.5,66.22818624295826
GTATACCAAGAACTTCTATG,GGG,GTATACCAAGAACTTCTATGG,0.934760810133288,0.35,54.801923845198246
GAAGGCCGCAAAGCTCCGAG,AGG,GAAGGCCGCAAAGCTCCGAGA,0.95595266555104,0.65,72.29528580438091
ACCTACAAGATGGAACTCCC,TGG,ACCTACAAGATGGAACTCCCT,0.80869690011481,0.5,66.3720854336338
GCATGAGGACGATCTGCGAC,AGG,GCATGAGGACGATCTGCGACA,0.600272277227722,0.6,69.18045089008467
GCGCACACAGAAAAACGTGA,AGG,GCGCACACAGAAAAACGTGAA,0.665141042406127,0.5,64.43480078114311
GCGATATGCCTCTCCTGCGT,GGG,GCGATATGCCTCTCCTGCGTG,0.415646999664767,0.6,71.22733294315401
AGTCGTAGCCCTCCTTACGC,AGG,AGTCGTAGCCCTCCTTACGCA,0.748255374148978,0.6,71.33954725312697
AGTGGTGGTTGTGAAAGACA,GGG,AGTGGTGGTTGTGAAAGACAG,0.929960317460317,0.45,64.09581999713419
ACCACAAGGTGAGCTTCTCG,GGG,ACCACAAGGTGAGCTTCTCGG,0.850844109195402,0.55,67.8086817996707
AGCCATGGAGACAATTCCTG,TGG,AGCCATGGAGACAATTCCTGT,0.923229084246033,0.5,65.9419772654552
ACAACTCTTTCTGGTCAAGG,AGG,ACAACTCTTTCTGGTCAAGGA,0.860686832384945,0.45,62.25540982165376
GCTGCAGGTGGCTGTCCCCG,TGG,GCTGCAGGTGGCTGTCCCCGT,0.826272400123103,0.75,78.65569041084933
GCTGAGGCGAGAGTCAGGAA,GGG,GCTGAGGCGAGAGTCAGGAAG,0.874181460663735,0.6,70.9679162792915
AAAATGCATGAAACCAATCA,AGG,AAAATGCATGAAACCAATCAA,0.381902940473344,0.3,54.85317615449634
GATGAGCGCTCAGGAATCAT,GGG,GATGAGCGCTCAGGAATCATG,0.401894326306992,0.5,65.50033269429946
ATTGGCATCCATCAATGCAT,GGG,ATTGGCATCCATCAATGCATG,0.328,0.4,62.06200973612664
GCACCTGGGCTGTTTATGAA,AGG,GCACCTGGGCTGTTTATGAAA,0.224262427272122,0.5,66.696510258925
GGGGCACAAATCGTCCCGCG,GGG,GGGGCACAAATCGTCCCGCGG,0.93265977443609,0.7,74.77144595974391
ATTTCTAAAGTCTTTGAACT,GGG,ATTTCTAAAGTCTTTGAACTG,0.073765581532755,0.25,50.34687018922904
ACCCCGGAGCCCACGACCAG,CGG,ACCCCGGAGCCCACGACCAGC,0.828011204481792,0.75,79.23299716638212
GCGTGATCAGCGTTCCCAAG,GGG,GCGTGATCAGCGTTCCCAAGG,0.82499668907827,0.6,69.0866021569908
AGTTTAAAATGTCGTAACCG,TGG,AGTTTAAAATGTCGTAACCGT,0.822922826729745,0.35,54.049824445453964
GGGGCCGGGACCCTTCCGGG,TGG,GGGGCCGGGACCCTTCCGGGT,0.616136872072103,0.85,84.00193726632449
ATCAAAGGATAAACTTGACC,AGG,ATCAAAGGATAAACTTGACCA,0.418656056587091,0.35,56.63026073433224
GTACAGATCAAACGTTACAC,GGG,GTACAGATCAAACGTTACACG,0.853035945595854,0.4,57.55872052714011
GGGCACAGATCAAGCAGACA,CGG,GGGCACAGATCAAGCAGACAC,0.822909126773842,0.55,69.04676581927816
GCTTTCCCATGCCTGAGCAA,TGG,GCTTTCCCATGCCTGAGCAAT,0.617953908439738,0.55,69.55954344661171
GCAACAAAGAACAGCAAAGG,GGG,GCAACAAAGAACAGCAAAGGG,0.844828411048032,0.45,61.17823175153234
ATCACCATCCGGGAGCTTGG,GGG,ATCACCATCCGGGAGCTTGGG,0.791499777481085,0.6,71.43474070591901
AACCATAGCAATTGGACTTG,TGG,AACCATAGCAATTGGACTTGT,0.517347134368411,0.4,59.7375433556777
GGCACTGGGGTTCAGAACGA,AGG,GGCACTGGGGTTCAGAACGAA,0.840829756795421,0.6,71.29739635801741
GCTACAGCTCCGACAGCCCT,CGG,GCTACAGCTCCGACAGCCCTC,0.861469712015888,0.65,74.69582130970076
GATGGAAAACCGGTGAATCT,GGG,GATGGAAAACCGGTGAATCTG,0.221529608153224,0.45,62.36151281254479
GACAGCCTGATTTGACGCCA,TGG,GACAGCCTGATTTGACGCCAT,0.889746293456032,0.55,68.43739995944424
AGAAGGGGCCCTTCTTGATG,CGG,AGAAGGGGCCCTTCTTGATGC,0.316993202636901,0.55,69.15415876602242
ATTCTGTACAACTACCGCCA,TGG,ATTCTGTACAACTACCGCCAT,0.910618038088393,0.45,64.06069183354356
ACAGGTGTATCGTCAGCGAG,TGG,ACAGGTGTATCGTCAGCGAGT,0.963156340599162,0.55,67.24240087769408
ACAGATCCCAGAAACTACGG,TGG,ACAGATCCCAGAAACTACGGT,0.95144134777288,0.5,65.09312518651097
AGGACCTTGCTAAACTCCAT,CGG,AGGACCTTGCTAAACTCCATC,0.69962431693989,0.45,64.73987661908711
GATATCGTTGAAACACAAAG,TGG,GATATCGTTGAAACACAAAGT,0.894649094950777,0.35,53.585450062609254
ATTGATAGACCGGACAGCGG,AGG,ATTGATAGACCGGACAGCGGA,0.895344287949921,0.55,67.73986546364813
GCACAGGAGAATGTGGCCTT,TGG,GCACAGGAGAATGTGGCCTTT,0.133644942231427,0.55,69.39927622620598
GGAGTTGACTATTACGAAGG,TGG,GGAGTTGACTATTACGAAGGT,0.929022204908453,0.45,60.55557639615341
GTGTCGCTTAACGAAGTCAC,AGG,GTGTCGCTTAACGAAGTCACA,0.70245180011804,0.5,63.024317038507434
AGGGACCGTTCATGCCACCC,AGG,AGGGACCGTTCATGCCACCCA,0.881172411460271,0.65,74.67331951735298
GTTCACTTACCCATATGGCA,AGG,GTTCACTTACCCATATGGCAA,0.819678792569659,0.45,63.7601343699539
GGTACTTCTCACGATGCCGG,TGG,GGTACTTCTCACGATGCCGGT,0.883602150537634,0.6,69.24520082468291
GGTAGCCTTGGTCGTCCGTG,AGG,GGTAGCCTTGGTCGTCCGTGA,0.96517573343529,0.65,72.26034341208037
GATTCTGTGCCACACGTACT,GGG,GATTCTGTGCCACACGTACTG,0.234490839849471,0.5,65.4186072922459
GCCATCGGAGCTGGAGCTGG,TGG,GCCATCGGAGCTGGAGCTGGT,0.867847927753588,0.7,75.75113299722716
GTAACAGAACAATACCCTAA,AGG,GTAACAGAACAATACCCTAAA,0.481349206349206,0.35,56.83738693841087
GATGAGGATCGGATTCGACC,TGG,GATGAGGATCGGATTCGACCT,0.597089752995842,0.55,66.30469771420604
AGGCAGGAGGAATGAGCTGG,AGG,AGGCAGGAGGAATGAGCTGGA,0.901793943383805,0.6,71.97994875139744
AATGCTCTGGTATCATGCAT,TGG,AATGCTCTGGTATCATGCATT,0.621591629676601,0.4,61.89300281787985
GCTGGGTGCCAACCTGACCG,AGG,GCTGGGTGCCAACCTGACCGA,0.844827586206896,0.7,75.83480768570917
GAACGGCCAAACGCAGACCA,AGG,GAACGGCCAAACGCAGACCAA,0.920431673728813,0.6,70.82625628113152
GAGCATCGGCGTGCATGAAG,TGG,GAGCATCGGCGTGCATGAAGT,0.904226475279106,0.6,69.20056291082221
ACGCTGGCCGAGCTGAATGG,GGG,ACGCTGGCCGAGCTGAATGGG,0.947241146185449,0.65,73.68615351641051
GAAGTACAAGTCCCTCTATG,GGG,GAAGTACAAGTCCCTCTATGG,0.891120143290162,0.45,61.34832026089441
GTGGTCATTCATCAACTACC,AGG,GTGGTCATTCATCAACTACCA,0.633189033189033,0.45,61.8489931017412
GTGCCCGCAGTTCTTGACAC,AGG,GTGCCCGCAGTTCTTGACACA,0.784638176638176,0.6,70.03022907156776
GGCAGTAATCTGGAAATTCG,GGG,GGCAGTAATCTGGAAATTCGG,0.541747993927564,0.45,60.74064783036641
GCTGAGAGTTGAACACTTGT,TGG,GCTGAGAGTTGAACACTTGTT,0.261348738118649,0.45,62.573009801758815
GCTTGTCCAGATCTTCTCCA,CGG,GCTTGTCCAGATCTTCTCCAC,0.862139795688182,0.5,65.88599222445606
GCTGATGCTGTCTATTCTAA,AGG,GCTGATGCTGTCTATTCTAAA,0.142679043499158,0.4,60.180471904339356
AGAGACACTGTCCAGCCGGT,CGG,AGAGACACTGTCCAGCCGGTC,0.842538935168417,0.6,72.42032843242424
GAAGAAAATGATCAAGACCC,AGG,GAAGAAAATGATCAAGACCCA,0.898574561403508,0.4,58.41651963249802
ACCTCGGTACGAAACCACAC,AGG,ACCTCGGTACGAAACCACACA,0.688809107038664,0.55,67.76438397919782
ATGTGGGACTCGGCTCTTAG,GGG,ATGTGGGACTCGGCTCTTAGG,0.802640141303337,0.55,68.288752799576
GGAGGAATGGATAACAACAA,AGG,GGAGGAATGGATAACAACAAA,0.937390463184249,0.4,60.18048291579163
ACCGGCACTTTATCAGTACT,AGG,ACCGGCACTTTATCAGTACTA,0.402169378389653,0.45,64.0607142700132
ACTTCATACCTCAAACTCTG,GGG,ACTTCATACCTCAAACTCTGG,0.329363269866674,0.4,59.18578733467581
GACTGAGTTGGCAACTGCTA,CGG,GACTGAGTTGGCAACTGCTAC,0.960924817677416,0.5,66.1455646551052
GCAGGCAGGCACTCACAGAC,AGG,GCAGGCAGGCACTCACAGACA,0.703665252593958,0.65,73.51619065386905
GTCCTTATGAACGACTGGAG,TGG,GTCCTTATGAACGACTGGAGT,0.958192334933501,0.5,63.54144552278569
ATTTATCATCAATATCCTGA,AGG,ATTTATCATCAATATCCTGAA,0.0526634382566585,0.25,51.78459662796024
GCTGGCTAAATATGAATACA,TGG,GCTGGCTAAATATGAATACAT,0.682843137254902,0.35,57.36202474897277
ACTTGCCCACCATGCGCCGC,TGG,ACTTGCCCACCATGCGCCGCT,0.339665992866894,0.7,77.3112660485728
AGACATTCGAAAGGGAAGAG,TGG,AGACATTCGAAAGGGAAGAGT,0.838458110516934,0.45,61.52825443452997
AGCACCCGTTTCACTGAAGA,AGG,AGCACCCGTTTCACTGAAGAA,0.720672725717181,0.5,66.51675245906722
AGGTGGACGTAGGAACCTGT,TGG,AGGTGGACGTAGGAACCTGTT,0.714649711841232,0.55,69.90246160401529
ATTACTGGCACATCCCAACA,GGG,ATTACTGGCACATCCCAACAG,0.498453808842128,0.45,64.92865555354695
GAACTGGGCTGGGTTGAGCT,GGG,GAACTGGGCTGGGTTGAGCTG,0.802921168467386,0.6,72.31435760950819
ATATGAGTTATCATAAGCCG,AGG,ATATGAGTTATCATAAGCCGA,0.89366515837104,0.35,55.864056640320655
GCGTCGTGTAGGTGCCGCCC,AGG,GCGTCGTGTAGGTGCCGCCCA,0.913904257499093,0.75,77.94545654288441
GTTCCGTAGTGCAAAAGCAG,TGG,GTTCCGTAGTGCAAAAGCAGT,0.862841945288753,0.5,63.773300058382404
GCACACAGGCTTGTTACAGA,CGG,GCACACAGGCTTGTTACAGAC,0.48020590275588,0.5,66.21210108364716
AAATCTGCCAGCTTCCACAG,TGG,AAATCTGCCAGCTTCCACAGT,0.672396145511549,0.5,65.90681339143623
GTTCCTCACCTAGCTTCGAG,CGG,GTTCCTCACCTAGCTTCGAGC,0.715597399947532,0.55,66.61826624731594
ATATTGATATACTTCCTAGT,GGG,ATATTGATATACTTCCTAGTG,0.410315929254432,0.25,51.503924568092486
AATATGCTACACTGCAGTGG,TGG,AATATGCTACACTGCAGTGGT,0.854830803247826,0.45,63.22086809254722
GAATTACTTAGGTCGGACTG,CGG,GAATTACTTAGGTCGGACTGC,0.218681693989071,0.45,60.55557639615341
GAGTTGCCCCCTGTGCCCGG,GGG,GAGTTGCCCCCTGTGCCCGGG,0.92816508019542,0.75,78.89578855665349
AACCGAGAAAGATTCAGCTC,TGG,AACCGAGAAAGATTCAGCTCT,0.767247561675272,0.45,62.000984947843506
GAAAGTCAAAGAATCCTTCT,GGG,GAAAGTCAAAGAATCCTTCTG,0.267332706336496,0.35,56.10623080006724
GATCCATCCAAGGGAATCAC,AGG,GATCCATCCAAGGGAATCACA,0.467665220293724,0.5,65.03917552361673
AGTGGACAGCAGAAGGCAGG,TGG,AGTGGACAGCAGAAGGCAGGT,0.875409836065573,0.6,71.75863233448104
GTCTAATGGACTTACAGGAG,AGG,GTCTAATGGACTTACAGGAGA,0.895962732919254,0.45,61.34832026089441
ACATCTGAGGACCCGAAGTG,GGG,ACATCTGAGGACCCGAAGTGG,0.789387520426072,0.55,67.81591868631534
GTGACAATGCCATAGTTGGG,AGG,GTGACAATGCCATAGTTGGGA,0.866911764705882,0.5,64.92865555354695
AACTTCAAGGACCGGCCAGG,AGG,AACTTCAAGGACCGGCCAGGA,0.854948503379465,0.6,71.38047513395384
GTACAGGTCCACGAACTCGC,CGG,GTACAGGTCCACGAACTCGCC,0.437692489931295,0.6,69.30580112332905
AGGCTCCCTCCCTCTCGTGG,TGG,AGGCTCCCTCCCTCTCGTGGT,0.920339412360689,0.7,76.7797215859045
ACAGGTGCCAAATTCTACCG,TGG,ACAGGTGCCAAATTCTACCGT,0.886912286334075,0.5,65.42247005667394
ATACAAACACCCCCTGGGTG,TGG,ATACAAACACCCCCTGGGTGT,0.178618315309545,0.55,69.52961326828319
AATATGCCATAAGGACTCAG,AGG,AATATGCCATAAGGACTCAGA,0.773331426051091,0.4,59.9913223858145
GCAGTCCGCATGAAGCCTTG,AGG,GCAGTCCGCATGAAGCCTTGA,0.772425817038151,0.6,70.0102574283186
GCACGACTTGAGGTAAGTAG,TGG,GCACGACTTGAGGTAAGTAGT,0.903824459142049,0.5,63.68532221354087
GATGTGCTGCAGAATGAGGA,GGG,GATGTGCTGCAGAATGAGGAG,0.917721518987341,0.5,66.0838668831696
GGAGTCCCGAAGGACTACAC,TGG,GGAGTCCCGAAGGACTACACT,0.561989997367728,0.6,70.02003040101482
GGAACTGACTCCCCACGTGA,TGG,GGAACTGACTCCCCACGTGAT,0.736640451703972,0.6,70.97138622803146
GTCATCAAGACATACAGTTT,GGG,GTCATCAAGACATACAGTTTG,0.510381905821283,0.35,56.46023416579936
AAAGACGCCCATCTGAGCCA,AGG,AAAGACGCCCATCTGAGCCAA,0.523540434102856,0.55,69.90906873314566
AGAGAGGCTCAGTTATACTC,AGG,AGAGAGGCTCAGTTATACTCA,0.390619046508192,0.45,63.09486507705691
GGAGCATCTTAGTCTGGCAC,AGG,GGAGCATCTTAGTCTGGCACA,0.915183537263626,0.55,68.03807029865959
GGGCCAGTGCGATGTCGTGG,AGG,GGGCCAGTGCGATGTCGTGGA,0.906081478576331,0.7,75.0192201807659
GGTTGCACCACAAATCGAGG,GGG,GGTTGCACCACAAATCGAGGG,0.861519607843137,0.55,66.88276379222827
AAACGTGGGAGTAGCTATCA,GGG,AAACGTGGGAGTAGCTATCAG,0.166200642036366,0.45,63.99417185961698
GCAGCAGCCCAATAACAACC,TGG,GCAGCAGCCCAATAACAACCT,0.64440799750078,0.55,68.67837499477037
AAGCTGATTGCAGCCCAAAC,TGG,AAGCTGATTGCAGCCCAAACT,0.14033275337103,0.5,66.58606714241256
GAACAACATATCGTATCAGA,TGG,GAACAACATATCGTATCAGAT,0.614003500033654,0.35,55.97516540090356
GTCCCACTTCCAGAATTCTA,GGG,GTCCCACTTCCAGAATTCTAG,0.441095183553482,0.45,63.10816609649686
GCAGCAGTGGCAGTCCATCG,AGG,GCAGCAGTGGCAGTCCATCGA,0.927850078084331,0.65,72.73240919084168
GCAGACAGACCAAGCCATTG,AGG,GCAGACAGACCAAGCCATTGA,0.760735699238372,0.55,67.55672656517908
ATGCTAGGACACATTAGGAT,TGG,ATGCTAGGACACATTAGGATT,0.709839228810709,0.4,61.857335014322416
GGAGTTTGAGACCTACCGGC,CGG,GGAGTTTGAGACCTACCGGCC,0.939215240746132,0.6,70.33992313634917
GCTGCATGAACTCGAAGGCG,TGG,GCTGCATGAACTCGAAGGCGT,0.84252896605275,0.6,69.11486128591434
GATGCCGCACTTCGTGTGCC,TGG,GATGCCGCACTTCGTGTGCCT,0.103955641413497,0.65,72.49458194615346
GCAATGCCACCGGAAGTCAA,GGG,GCAATGCCACCGGAAGTCAAG,0.434768907563025,0.55,68.70807733219283
AAGGCAACTTTCCACAGGAG,AGG,AAGGCAACTTTCCACAGGAGA,0.890140553947912,0.5,65.76534960043546
GCTGGACGCCATACATGAGA,GGG,GCTGGACGCCATACATGAGAG,0.58158686910383,0.55,68.7069041461408
AGCCCGCGTAATCACAAGTG,TGG,AGCCCGCGTAATCACAAGTGT,0.952136752136752,0.55,67.80190957028827
GTGTCTTCCTGAAACATCGG,AGG,GTGTCTTCCTGAAACATCGGA,0.962737262737262,0.5,63.395961990439446
GCTCCGTGCCCGCAAACAGG,TGG,GCTCCGTGCCCGCAAACAGGT,0.293398217636022,0.7,75.38194657560052
GGGCTGGAAGAATATCATGG,AGG,GGGCTGGAAGAATATCATGGA,0.945881782945736,0.5,65.09832957578323
ATGTTTCTGTCTCAGAGCCA,AGG,ATGTTTCTGTCTCAGAGCCAA,0.355377118712664,0.45,64.11802918327123
AAAGTACAGCTGGAAAACCG,AGG,AAAGTACAGCTGGAAAACCGA,0.90648854961832,0.45,61.89954442257573
GATGATGACCACGAACGTAT,GGG,GATGATGACCACGAACGTATG,0.166578676281225,0.45,61.62429667866917
AGTGATGCTGAATTTGACGA,AGG,AGTGATGCTGAATTTGACGAA,0.61439639415088,0.4,60.301201962015114
GTGCAGTACACGTTGCCAGA,CGG,GTGCAGTACACGTTGCCAGAC,0.61636690647482,0.55,68.4599455857599
GTATACGAACATCCAAAGCT,AGG,GTATACGAACATCCAAAGCTA,0.823318861105306,0.4,59.35796804968493
GTACCGCCCCTGGAAGTCGT,GGG,GTACCGCCCCTGGAAGTCGTG,0.751053614588115,0.65,74.08151222922999
AGCACCGGGTGATCCATGAG,AGG,AGCACCGGGTGATCCATGAGA,0.871722846441947,0.6,71.20554363335003
GCACTGTCCGAAAACTTGAA,GGG,GCACTGTCCGAAAACTTGAAG,0.445089448703906,0.45,61.99603495815063
GGGCGTGTAGCAGATGTCCA,GGG,GGGCGTGTAGCAGATGTCCAG,0.892094824914781,0.6,71.66300933061694
GCTGAGCCCTCCAGGGTAAG,TGG,GCTGAGCCCTCCAGGGTAAGT,0.506922810661128,0.65,73.89579952290319
ACCTCGTCCATGGCTGCCGC,AGG,ACCTCGTCCATGGCTGCCGCA,0.729521798900235,0.7,76.82185119460769
AGCAAGAATGCAGCCCAACA,AGG,AGCAAGAATGCAGCCCAACAA,0.411640848247856,0.5,67.84538103247564
AAGAGCTACGAGCTGCCTGA,CGG,AAGAGCTACGAGCTGCCTGAC,0.825174825174825,0.55,69.83551655304512
AAGGTGAGGACGATCAGGAT,GGG,AAGGTGAGGACGATCAGGATG,0.947934959349593,0.5,66.62573290676073
AGGCTCAGCTGTGATTGACA,TGG,AGGCTCAGCTGTGATTGACAT,0.728948924321025,0.5,67.29863074758055
GTGTAGGTATTGCAGCTGGT,TGG,GTGTAGGTATTGCAGCTGGTT,0.774679291687161,0.5,66.78891176644015
GCTCTCCAAAGTGGGAATGT,GGG,GCTCTCCAAAGTGGGAATGTG,0.682204724409448,0.5,66.22496234815168
GCAAATCCTTCCAAACACGA,TGG,GCAAATCCTTCCAAACACGAT,0.502390810776005,0.45,62.29939091781944
GAGCCGCCAAAAATATGCTG,AGG,GAGCCGCCAAAAATATGCTGA,0.948275862068965,0.5,64.41003879473902
GAGGGCTACTCGTCCAGAGA,CGG,GAGGGCTACTCGTCCAGAGAC,0.872284048754637,0.6,71.12909025855367
GAGCAATAGCCACTTGAGTG,AGG,GAGCAATAGCCACTTGAGTGA,0.901685767590618,0.5,64.57516528724005
AGACGTTGTCACGATTTCTG,TGG,AGACGTTGTCACGATTTCTGT,0.405755966917117,0.45,60.54678171763629
AAGGAAAGAGTCTACTGTCG,GGG,AAGGAAAGAGTCTACTGTCGG,0.916373156757772,0.45,61.41683745873587
GCTTCCTTATCTCCTACGAT,CGG,GCTTCCTTATCTCCTACGATC,0.445301529287294,0.45,62.651395472084346
GGCCACAAAGAGTAGAGTAT,AGG,GGCCACAAAGAGTAGAGTATA,0.770032510996366,0.45,63.38023739270102
ATGCGCTGGATAGATATGGA,AGG,ATGCGCTGGATAGATATGGAA,0.877096401085457,0.45,64.52830477937925
GCAACATCGCTATGCAGGTG,CGG,GCAACATCGCTATGCAGGTGC,0.899516129032258,0.55,67.27649626815008
ACGACTTGAACTGGCAGACG,AGG,ACGACTTGAACTGGCAGACGA,0.819871298209366,0.55,66.96137202785548
GGTACTTACTGTTACTCGCA,AGG,GGTACTTACTGTTACTCGCAA,0.756686821069891,0.45,62.542714479470476
GAACATTCCAGATTTGCGAG,AGG,GAACATTCCAGATTTGCGAGA,0.476284584980237,0.45,60.42446182731942
ACCGAAGCATGCATCAAGGG,TGG,ACCGAAGCATGCATCAAGGGT,0.90877978705425,0.55,68.50193597616357
GTGCTGGGCTCCCCTAGACT,AGG,GTGCTGGGCTCCCCTAGACTA,0.644400233791925,0.65,75.42549398241977
AATGACGTTGGAATCACAGA,AGG,AATGACGTTGGAATCACAGAA,0.896593269630245,0.4,60.30081913678009
ACTGCCGATCACTATCGGTG,GGG,ACTGCCGATCACTATCGGTGG,0.454348644578313,0.55,67.54173673403807
AACGTGGCAACCAACGCTGG,AGG,AACGTGGCAACCAACGCTGGA,0.935508196721311,0.6,70.73200591529451
ACAACATGTCTGATGATACC,TGG,ACAACATGTCTGATGATACCT,0.332365402878223,0.4,60.060322913575874
GAGTGTCTGCACAACAATGG,CGG,GAGTGTCTGCACAACAATGGC,0.863416304736997,0.5,64.24559129990826
AGAGACACAAACTGCCCCAG,GGG,AGAGACACAAACTGCCCCAGG,0.868099663625457,0.55,68.71545064290154
GAAATACTTACCACAGCACC,TGG,GAAATACTTACCACAGCACCT,0.837589585412319,0.45,62.0933091466556
GGTGGAGTCACTACATAGGG,GGG,GGTGGAGTCACTACATAGGGG,0.941460234680573,0.55,67.8610044067936
GCTGGAAAAAACAACCACGA,CGG,GCTGGAAAAAACAACCACGAC,0.702980265807491,0.45,62.201773419476865
ACTTTAATGACTATATGCCC,AGG,ACTTTAATGACTATATGCCCA,0.630706949413273,0.35,57.25977055399221
ACATATTTACAGAATGGCAA,AGG,ACATATTTACAGAATGGCAAA,0.389042553191489,0.3,55.07799522901445
AGCCCACCTTGCCATTGAGT,AGG,AGCCCACCTTGCCATTGAGTA,0.671595012147487,0.55,70.96740794060122
GACCAACTGTGGTAGTAACA,GGG,GACCAACTGTGGTAGTAACAG,0.578818248251383,0.45,63.14157126423447
GGCTTCCATATGAACGAGCC,CGG,GGCTTCCATATGAACGAGCCC,0.78604466255151,0.55,67.69574730601533
GGATTCGGTGGCCTGGGCTA,TGG,GGATTCGGTGGCCTGGGCTAT,0.726098510384825,0.65,75.04618380269613
AGCTCAGTGCAACCACCAGA,AGG,AGCTCAGTGCAACCACCAGAA,0.901831785345717,0.55,70.2798457546744
ATGTAATTCATCAGTCCCAC,GGG,ATGTAATTCATCAGTCCCACG,0.775942400237601,0.4,60.18049850022743
GCATCCTTTCGGCCACATTG,TGG,GCATCCTTTCGGCCACATTGT,0.62949660396344,0.55,67.20430669779574
AATTGCTCGCTGGACAACGG,CGG,AATTGCTCGCTGGACAACGGC,0.92419626652839,0.55,67.55027208469102
GGCGCTGAAATGGCAGTTTG,CGG,GGCGCTGAAATGGCAGTTTGC,0.431018565666136,0.55,67.18782498672857
GAGTCGCGCAATGTTCATCC,CGG,GAGTCGCGCAATGTTCATCCC,0.8063956930549,0.55,66.42690959449544
GGAGGCTCAGCTGTACAAGG,AGG,GGAGGCTCAGCTGTACAAGGA,0.937863412466204,0.6,70.69576841571063
AGGCGTCAAGACCTCTGGCA,AGG,AGGCGTCAAGACCTCTGGCAA,0.922715750065619,0.6,72.5727800222852
GCCAGCATGCAAGGATCTCG,TGG,GCCAGCATGCAAGGATCTCGT,0.651303088803088,0.6,70.0168089330686
GATCGCCTGTCTCCAGACCG,TGG,GATCGCCTGTCTCCAGACCGT,0.896401776937577,0.65,71.66315279780338
ATCATTCCGTGGTCTGACAG,TGG,ATCATTCCGTGGTCTGACAGT,0.841789283185144,0.5,64.83061597650504
ATAACACTCGCACGACCCAG,TGG,ATAACACTCGCACGACCCAGT,0.941195101351351,0.55,67.50647692433938
ACCCGCGAGTCGTCGGCCAG,GGG,ACCCGCGAGTCGTCGGCCAGG,0.892515577452543,0.75,77.71840226712567
GATGTATAATTAAGAAGACC,TGG,GATGTATAATTAAGAAGACCT,0.586185642720381,0.3,51.95474522563802
GCGGCCGGTGATCGGAACCA,GGG,GCGGCCGGTGATCGGAACCAG,0.796265328874024,0.7,76.0375346337288
GTGCCTTTAGACTGGACGTG,TGG,GTGCCTTTAGACTGGACGTGT,0.858385707635009,0.55,66.75393304484686
GCTTATGATATTCCCCGTAG,AGG,GCTTATGATATTCCCCGTAGA,0.781957210164516,0.45,61.38487810362756
AAATGAGAATTGTATTCAGG,AGG,AAATGAGAATTGTATTCAGGA,0.509611369287293,0.3,52.64594638883335
GGGGATCGATACAACCCACC,TGG,GGGGATCGATACAACCCACCT,0.894444444444444,0.6,70.67289098021632
ACATCATTGCCTTTCACTCC,AGG,ACATCATTGCCTTTCACTCCA,0.580324953276662,0.45,63.17327269064174
ACCTGAATGGCGCCGCCTGG,AGG,ACCTGAATGGCGCCGCCTGGA,0.720588235294117,0.7,76.92511932963322
AGAATGAGGTGGAGAAGCCC,AGG,AGAATGAGGTGGAGAAGCCCA,0.87648863226272,0.55,69.23190128647474
GCGGAGCCGCCACATCGTGT,CGG,GCGGAGCCGCCACATCGTGTC,0.897235023041474,0.7,76.06438122123194
GTGTGTTTGATAAGCTGACA,TGG,GTGTGTTTGATAAGCTGACAT,0.624343019463639,0.4,59.81640492645607
GTACCGCCGATTGGGACTGA,TGG,GTACCGCCGATTGGGACTGAT,0.871058491926027,0.6,70.98729905962017
AGGGGATAAGGATCGCCACC,TGG,AGGGGATAAGGATCGCCACCT,0.740542558486809,0.6,72.19988349223524
GGGTCATGCCATGCTCTGTG,GGG,GGGTCATGCCATGCTCTGTGG,0.91481392460842,0.6,70.63989720110038
AGTCCTGCGACAGTAAGGGG,AGG,AGTCCTGCGACAGTAAGGGGA,0.873141672024714,0.6,71.35069574789588
GGCATATTAATGGTGAATTG,TGG,GGCATATTAATGGTGAATTGT,0.685411983567165,0.35,55.39907315254425
GAGAGTGTTCAGCAAGACTA,AGG,GAGAGTGTTCAGCAAGACTAA,0.816184971098265,0.45,62.6707629070782
GAAGCTCAGATCTTCATCCA,CGG,GAAGCTCAGATCTTCATCCAC,0.914473684210526,0.45,62.854240715201115
ATGCCAATGCTCACCATTGG,GGG,ATGCCAATGCTCACCATTGGG,0.796568898090637,0.5,66.39538459226776
GGACCACGACATCATCGACC,TGG,GGACCACGACATCATCGACCT,0.766581632653061,0.6,69.12578528989974
ACAGCATTGAGACTGTCGTG,GGG,ACAGCATTGAGACTGTCGTGG,0.927458808258152,0.5,64.61316284083472
AAGAAGCTGTGTGTGTCGTG,CGG,AAGAAGCTGTGTGTGTCGTGC,0.942706731131993,0.5,64.54444792483162
GAAGAGGAGCTGGGTCACAT,AGG,GAAGAGGAGCTGGGTCACATA,0.648360592202154,0.55,69.02505729550069
AAATAAGTTGCTCTCTGGAC,TGG,AAATAAGTTGCTCTCTGGACT,0.913589057389235,0.4,59.80694915075122
GGAACAAGTTCAGTGAACTG,TGG,GGAACAAGTTCAGTGAACTGT,0.944866748983896,0.45,60.785138228820244
GGCACGTTGCGGCCAAACAG,CGG,GGCACGTTGCGGCCAAACAGC,0.898645778013807,0.65,72.51741093923391
ATCTGGTACCTCCAGAAAGG,CGG,ATCTGGTACCTCCAGAAAGGC,0.916690994015472,0.5,65.96813622590662
GGGCGTCGCCACACTGACCC,AGG,GGGCGTCGCCACACTGACCCA,0.864095500459136,0.75,78.02394972050183
ACCATACCAAGACGCTCCAG,TGG,ACCATACCAAGACGCTCCAGT,0.932673929663608,0.55,68.35860738586933
GCCACTGGTCCAAGCTGACG,CGG,GCCACTGGTCCAAGCTGACGC,0.869545068355603,0.65,72.64483081095347
ATTTCACCATCACATTAATG,TGG,ATTTCACCATCACATTAATGT,0.0577235772357723,0.3,52.975970950797546
GAGGCCTACATACCGCTGCA,TGG,GAGGCCTACATACCGCTGCAT,0.806269423858474,0.6,72.21251687429628
AAAAGGCCAGCAGGACGATG,AGG,AAAAGGCCAGCAGGACGATGA,0.456111111111111,0.55,68.40720795798393
GGTCCCCATCAAAAATCTGG,AGG,GGTCCCCATCAAAAATCTGGA,0.646666666666666,0.5,64.79431601094205
ATTCCAGAAGCCCGTTCCAT,TGG,ATTCCAGAAGCCCGTTCCATT,0.457983193277311,0.5,67.16126909478027
GTTGTGAATTTGATCATGGG,AGG,GTTGTGAATTTGATCATGGGA,0.877302631578947,0.4,58.22438777770799
GGCTGATTATAGTGCTCATG,TGG,GGCTGATTATAGTGCTCATGT,0.650643713676156,0.45,61.89772127640481
ATTGTTGATCTCGTGAGCTG,CGG,ATTGTTGATCTCGTGAGCTGC,0.876896378989552,0.45,61.62664095934764
GGGACCACGGAGTTTGCCAG,CGG,GGGACCACGGAGTTTGCCAGC,0.902839590703336,0.65,72.8482473891014
GCCATAAAGACATTGATCCG,CGG,GCCATAAAGACATTGATCCGC,0.897933190129984,0.45,60.91955114249146
GGTCGCCAGAAATGGATGTG,CGG,GGTCGCCAGAAATGGATGTGC,0.806262655924043,0.55,66.92461832498196
ATTGGGCATCACAAACACCT,TGG,ATTGGGCATCACAAACACCTT,0.386253842775581,0.45,64.78318141142114
GAAAAACAAGTATATCACAT,CGG,GAAAAACAAGTATATCACATC,0.467772988505747,0.25,49.594132449210406
AAAGTTGTCCCAGACTTGGG,CGG,AAAGTTGTCCCAGACTTGGGC,0.750438596491228,0.5,65.74711118298774
GCAACCGACCAGTCACATCC,GGG,GCAACCGACCAGTCACATCCG,0.560449070750578,0.6,70.00624241889409
GTGTTAATAGCAGAAAAACA,AGG,GTGTTAATAGCAGAAAAACAA,0.375173001171084,0.3,53.05336952829754
AAACAATGTATAGGTCATAG,CGG,AAACAATGTATAGGTCATAGC,0.271443314167772,0.3,52.89071281224034
ACATATAATCCAGAAAACCT,TGG,ACATATAATCCAGAAAACCTT,0.533534946236559,0.3,54.886214181632624
AGCGGCTTAAAAAGCCACCG,CGG,AGCGGCTTAAAAAGCCACCGC,0.938885609727305,0.55,68.21777486511951
ACTCTACAAGGAAGTGATGC,TGG,ACTCTACAAGGAAGTGATGCT,0.531770833333333,0.45,63.01506477237024
GTTGGATATCAGGCAAATGA,GGG,GTTGGATATCAGGCAAATGAG,0.626340660507592,0.4,60.36245210697933
ACCGATTCACTACAGAGCAT,GGG,ACCGATTCACTACAGAGCATG,0.833624669445564,0.45,63.75623243829256
AAGGGAATTGGCACCTGATG,GGG,AAGGGAATTGGCACCTGATGG,0.809752992105933,0.5,66.19081586761354
AGTGAAAATCCTCTTGTCAG,GGG,AGTGAAAATCCTCTTGTCAGG,0.731596360628618,0.4,59.01044704797948
GAAATTGAAACGCTACCCGT,CGG,GAAATTGAAACGCTACCCGTC,0.826075935105903,0.45,61.696385168187646
GCTGGTGTTTCGCTACCACG,TGG,GCTGGTGTTTCGCTACCACGT,0.85301233830431,0.6,69.33008939879602
ATCAGTTACACATCACTTCA,GGG,ATCAGTTACACATCACTTCAG,0.223994627879279,0.35,57.925786194874036
GCGTCACGCGGGGTACTCTG,TGG,GCGTCACGCGGGGTACTCTGT,0.842364966076306,0.7,74.4398475691284
GCACCACGTCACGTTCACCT,CGG,GCACCACGTCACGTTCACCTC,0.624388502680055,0.6,70.44584191051246
ATCTTCGCACTATCCCAAGG,TGG,ATCTTCGCACTATCCCAAGGT,0.709788016135064,0.5,65.41541289000031
GAGAGACAAGTCAAAAGAAG,GGG,GAGAGACAAGTCAAAAGAAGG,0.942728837661851,0.4,57.286752919501964
AACTTACAAGTCGTACGGAA,CGG,AACTTACAAGTCGTACGGAAC,0.884960182554836,0.4,59.479820016740234
AGTATAGATCATCCCAATGG,TGG,AGTATAGATCATCCCAATGGT,0.881466828971393,0.4,60.118376125425925
ATGACCCGAGATCTGGACGG,TGG,ATGACCCGAGATCTGGACGGT,0.929585182749739,0.6,70.2311123816379
AGGACACTCCACTTACACAC,AGG,AGGACACTCCACTTACACACA,0.92494769874477,0.5,65.95917665153587
GGGGTATTCGTAGACCCCGA,AGG,GGGGTATTCGTAGACCCCGAA,0.211526959443122,0.6,71.38350738817371
AGCTGTTCACTTACCCTGCA,GGG,AGCTGTTCACTTACCCTGCAG,0.795268395045014,0.5,67.69928292334333
GATGTTGAAGCCCAGCGTTG,GGG,GATGTTGAAGCCCAGCGTTGG,0.558376132605147,0.55,66.90428980860759
ACTTGCTCATCTGAGGATTG,CGG,ACTTGCTCATCTGAGGATTGC,0.600806878306878,0.45,62.5165473962258
AGAGAAAGTGCACCTAGAGG,AGG,AGAGAAAGTGCACCTAGAGGA,0.895419454451878,0.5,65.68261173896599
GTCAACACGGAATCTCGGTA,CGG,GTCAACACGGAATCTCGGTAC,0.906956201693043,0.5,64.56493790840813
ACCGAGCCCCAGAAATCTCA,GGG,ACCGAGCCCCAGAAATCTCAG,0.641952793725843,0.55,69.8087603918404
GAGATGGCGACTCTGTTCTA,CGG,GAGATGGCGACTCTGTTCTAC,0.530555555555555,0.5,65.20363779008937
GGCGGCGGCAATTTCAGAGG,CGG,GGCGGCGGCAATTTCAGAGGC,0.921994759253193,0.65,72.66796475496074
AATGTCGTTCTTAGACTCGA,AGG,AATGTCGTTCTTAGACTCGAA,0.463432723250201,0.4,59.25710773045148
GCTCACCATCTTGGGTACCA,CGG,GCTCACCATCTTGGGTACCAC,0.487622955218089,0.55,69.47671253538562
AGTCCTTCATCTTCCCCACA,TGG,AGTCCTTCATCTTCCCCACAT,0.377662263758631,0.5,67.37648145424657
GCCAGCAGTAAAACAACATC,TGG,GCCAGCAGTAAAACAACATCT,0.615853658536585,0.45,61.96134159330222
AATCATCCTTTATCAAGCTG,AGG,AATCATCCTTTATCAAGCTGA,0.824665654594086,0.35,56.29033418856886
GAGGCCTGTGATATACTGCG,AGG,GAGGCCTGTGATATACTGCGA,0.949430547893499,0.55,67.36052059199415
ACTTAAATTACTATTCATGG,TGG,ACTTAAATTACTATTCATGGT,0.578476679503637,0.25,48.99593808020046
AATCTGAGTTTGAATATACG,TGG,AATCTGAGTTTGAATATACGT,0.866852396972245,0.3,51.67390548513896
AAAGTGACCCGGGCTTTAAG,CGG,AAAGTGACCCGGGCTTTAAGC,0.48266806722689,0.5,65.4743520959102
GGAAATTCACCAAATTCCCA,TGG,GGAAATTCACCAAATTCCCAT,0.362235067437379,0.4,60.180475059140406
GTACATGAGAAAAACCACAT,TGG,GTACATGAGAAAAACCACATT,0.687562189054726,0.35,56.60228102575894
GACACGCTAGAGCATGAGGG,GGG,GACACGCTAGAGCATGAGGGG,0.69197448325812,0.6,69.88363996473453
ACCGTATGTTGTGGACCATG,GGG,ACCGTATGTTGTGGACCATGG,0.952740539623282,0.5,65.35590427199622
ACAATGACTCGGAGCCACCC,CGG,ACAATGACTCGGAGCCACCCC,0.811606857009808,0.6,71.46738029788537
AATGGTTGTCAATAGCAAAG,AGG,AATGGTTGTCAATAGCAAAGA,0.546894253388596,0.35,56.17207764197866
GGCCTCCAGCTGGAACCGGG,AGG,GGCCTCCAGCTGGAACCGGGA,0.94373180277791,0.75,78.81759440525582
AGTGACACAAGGAAACTCAG,TGG,AGTGACACAAGGAAACTCAGT,0.957437088858724,0.45,62.11251677484472
AGATGGTGGTCGTGTTGAAA,AGG,AGATGGTGGTCGTGTTGAAAA,0.266287853647646,0.45,63.459603336198086
GCGGAACAGAAAGTCCCGCG,TGG,GCGGAACAGAAAGTCCCGCGT,0.716859299445689,0.65,71.44294528805011
GAGCTCTATGAGGGGACCTT,GGG,GAGCTCTATGAGGGGACCTTG,0.677721088435374,0.55,69.41867464920102
GCTCCAGGCCAGGAGCAGCG,TGG,GCTCCAGGCCAGGAGCAGCGT,0.550645611626044,0.75,78.63385910960255
GTGCCCCTCATGAATCCCGG,GGG,GTGCCCCTCATGAATCCCGGG,0.947954545454545,0.65,73.11283400934605
GGCACAGGACAAGATCTACG,TGG,GGCACAGGACAAGATCTACGT,0.92970101309612,0.55,66.79756052610719
AACAACCGGACCGTGCAGCA,TGG,AACAACCGGACCGTGCAGCAT,0.898183929015672,0.6,72.16214206112869
AAACTGGGAATGATTGCCGG,CGG,AAACTGGGAATGATTGCCGGC,0.66532634032634,0.5,65.49763424070727
GTAGTCTAGGCCATACGTGT,TGG,GTAGTCTAGGCCATACGTGTT,0.893811965811965,0.5,65.99509253307616
GGGGTTTCACCATGTTGGTC,AGG,GGGGTTTCACCATGTTGGTCA,0.130750377073906,0.55,68.07697731838425
GAGCACGATGATGCTGAGTG,GGG,GAGCACGATGATGCTGAGTGG,0.901140973697929,0.55,66.51226036983434
ATATCCACAGCACTACCCAA,GGG,ATATCCACAGCACTACCCAAG,0.863704630788485,0.45,65.08777104233246
ACTCATCCACCGCGGCACCT,CGG,ACTCATCCACCGCGGCACCTC,0.490286752410248,0.65,75.18111392532808
GGCACCACATACCGCAAGGA,GGG,GGCACCACATACCGCAAGGAG,0.869714244479722,0.6,71.96767987984492
GAGTTCACGACTCTGAGTGC,TGG,GAGTTCACGACTCTGAGTGCT,0.790430954587581,0.55,66.41167972822234
GATGGCCTTGTCAGTCAGGG,CGG,GATGGCCTTGTCAGTCAGGGC,0.614906832298136,0.6,70.46864972195556
AAAGAAGGCGTATAGGCAGA,AGG,AAAGAAGGCGTATAGGCAGAA,0.707674050632911,0.45,64.17389721461177
GACCTCTGTGAGAGGAACCT,CGG,GACCTCTGTGAGAGGAACCTC,0.512631975867269,0.55,68.64112510017532
AGTCTCCTTTCAGCCGTCTG,GGG,AGTCTCCTTTCAGCCGTCTGG,0.871610879147424,0.55,67.74016522006389
GTGTTGTGTACCGATACTAC,GGG,GTGTTGTGTACCGATACTACG,0.81364522417154,0.45,61.16773402477088
GGAGACATAAAGTCTAACAA,TGG,GGAGACATAAAGTCTAACAAT,0.820768260321051,0.35,56.53400894618409
GACAACTTCACTCAGAACCC,AGG,GACAACTTCACTCAGAACCCA,0.885257065032345,0.5,64.38888284906898
ACTTGGAGAGAGGTGGTCCG,TGG,ACTTGGAGAGAGGTGGTCCGT,0.709445949001739,0.6,70.74332508412692
AAATGGAACACGTTGTGGGT,AGG,AAATGGAACACGTTGTGGGTA,0.816066066066065,0.45,63.73959484296671
GTACAGACCGAAGTGATCAC,AGG,GTACAGACCGAAGTGATCACA,0.766989895697522,0.5,63.81714333419461
AAAGCGGTCACCTTCCACAT,GGG,AAAGCGGTCACCTTCCACATG,0.518921166755777,0.5,66.92664085016582
AGCCACAGACCCAAGCATGT,CGG,AGCCACAGACCCAAGCATGTC,0.334387563655856,0.55,70.73938616462038
GAGTACCCACTCTGTAACCG,GGG,GAGTACCCACTCTGTAACCGG,0.895355375618533,0.55,66.90477872568522
GCTGTATCGTATAAAGCCTG,AGG,GCTGTATCGTATAAAGCCTGA,0.942857545680126,0.45,61.13546336345928
GGGAGCTCGAGCCAAAAAGC,CGG,GGGAGCTCGAGCCAAAAAGCC,0.819024478041756,0.6,70.43147170614031
ACCTACCGAGCACGAAGGTG,AGG,ACCTACCGAGCACGAAGGTGA,0.838541666666666,0.6,70.52468567211537
GGGCCGAGCCTAGCACAGTG,AGG,GGGCCGAGCCTAGCACAGTGA,0.888805493452571,0.7,76.11632874150456
AGATTCTTCCCATTTGTGCC,AGG,AGATTCTTCCCATTTGTGCCA,0.24476068819608,0.45,63.32627921491792
AAAGGATTAATATTCACTTG,AGG,AAAGGATTAATATTCACTTGA,0.532816182246661,0.25,48.9084581943016
ACTGTACACTTTAACCAGCG,TGG,ACTGTACACTTTAACCAGCGT,0.92047473978167,0.45,61.960502042270036
GTCCTTGTACCAACGCACAG,GGG,GTCCTTGTACCAACGCACAGG,0.921794292355372,0.55,66.82202214087346
GAACTCGTACCTCTACTCCA,CGG,GAACTCGTACCTCTACTCCAC,0.863369575036799,0.5,65.284076395657
ATGGCCCGAGTGGGGTACAA,AGG,ATGGCCCGAGTGGGGTACAAA,0.516062873601482,0.6,73.43016509423978
AGATGTTGACCTCGACGCTG,AGG,AGATGTTGACCTCGACGCTGA,0.733916184971098,0.55,67.00245711483473
ACCCGACGGAATATCGAGCG,AGG,ACCCGACGGAATATCGAGCGA,0.934029232416329,0.6,69.30793899162836
AAATTTCACGTACTGCCCGC,GGG,AAATTTCACGTACTGCCCGCG,0.656666666666666,0.5,65.15087853309012
GTCCCAGAATACTCCATCCA,CGG,GTCCCAGAATACTCCATCCAC,0.869378574556456,0.5,66.38455483754325
ACACGGGTATTACAGGATAC,AGG,ACACGGGTATTACAGGATACA,0.316345551648806,0.45,62.98466337924066
GTCACAGATTAGCCTCCAGA,AGG,GTCACAGATTAGCCTCCAGAA,0.932435878064443,0.5,66.11114922717525
AACTGCTGGCAGAACTACCT,GGG,AACTGCTGGCAGAACTACCTG,0.649706956549844,0.5,67.75619850070075
GGGGCTGGGCAGGCGGAAAG,AGG,GGGGCTGGGCAGGCGGAAAGA,0.829683131407269,0.75,79.25580032963995
AAGGGGACAGTGTGGGCGAG,AGG,AAGGGGACAGTGTGGGCGAGA,0.715433624952453,0.65,74.09578159735082
GATCACTCAACACAACGTGA,CGG,GATCACTCAACACAACGTGAC,0.703945553205187,0.45,61.81572686816679
AAGCTAGCATGTTCATACCG,GGG,AAGCTAGCATGTTCATACCGG,0.938794233289646,0.45,62.387042236296736
ACCACCAGTGCATCCACCAA,AGG,ACCACCAGTGCATCCACCAAA,0.80238047942663,0.55,70.60798533454903
AAGCACCACAAGACAAAGCC,AGG,AAGCACCACAAGACAAAGCCA,0.59600773587512,0.5,66.26187888107995
AAGTGTATAATATGGTACAC,AGG,AAGTGTATAATATGGTACACA,0.651351351351351,0.3,53.644365275636744
GGGCAAGAACCCTTGCTACG,TGG,GGGCAAGAACCCTTGCTACGT,0.718738961497704,0.6,70.39433465146482
GGTGGCACACAGTGTCCCCG,CGG,GGTGGCACACAGTGTCCCCGC,0.811658172551874,0.7,75.52042818933512
GTGCCGGGCCAGCAACGACC,CGG,GTGCCGGGCCAGCAACGACCC,0.950402607361963,0.75,78.44388117942555
GGGCGTCAACGTGCGCGAGA,AGG,GGGCGTCAACGTGCGCGAGAA,0.416564916564916,0.7,75.03570370110026
ACCCGGTTGCTTCTGAGCAC,AGG,ACCCGGTTGCTTCTGAGCACA,0.834601880877742,0.6,71.51246800367824
GTTAACTTCATTGAGTGGCG,TGG,GTTAACTTCATTGAGTGGCGT,0.8445109078114,0.45,60.49194967046884
AAAAGCCGGAGATACAAGGG,AGG,AAAAGCCGGAGATACAAGGGA,0.591446769790718,0.5,65.535633359911
AGTCTGCTGAAATTTGACTC,AGG,AGTCTGCTGAAATTTGACTCA,0.409703845646906,0.4,59.50955655626262
ACCATACAGTAACTGCACAG,GGG,ACCATACAGTAACTGCACAGG,0.917483660130719,0.45,62.90050414369705
ATGGCTCAAATAGGATTGCG,AGG,ATGGCTCAAATAGGATTGCGA,0.896986924982445,0.45,62.49174239458614
ATATCCTGAGTATGGTAGCT,TGG,ATATCCTGAGTATGGTAGCTT,0.384085213032581,0.4,61.99641377640717
GGCAAGAATCTGCCCACACG,GGG,GGCAAGAATCTGCCCACACGG,0.828057553956834,0.6,69.97930673900822
AAAGCAGAGGAATCAGACCC,AGG,AAAGCAGAGGAATCAGACCCA,0.798303005520343,0.5,66.15826816772193
AGGAACTTGGAACTGTCATG,AGG,AGGAACTTGGAACTGTCATGA,0.902811751419296,0.45,62.41520039668649
AGAGAGGCGATTTGCAGGCA,TGG,AGAGAGGCGATTTGCAGGCAT,0.876118084837127,0.55,69.93975979293026
GGCAGGCATTTCAGTAACAC,TGG,GGCAGGCATTTCAGTAACACT,0.827910486215907,0.5,65.23372305795391
GAGGGGCAGTTACCTTGCAT,GGG,GAGGGGCAGTTACCTTGCATG,0.873281193135981,0.55,69.87766245879351
GATCCCCGTGCTTTCCCGAG,AGG,GATCCCCGTGCTTTCCCGAGA,0.798640233828949,0.65,72.20088147444011
GTAGGCAATGGAGACCACAG,GGG,GTAGGCAATGGAGACCACAGG,0.982358581016299,0.55,67.70816760677417
GTTTGGGAAGAATGGAGTGT,TGG,GTTTGGGAAGAATGGAGTGTT,0.82753179463024,0.45,63.01352858382921
GCGTTCCAGTTACCCGACGC,GGG,GCGTTCCAGTTACCCGACGCG,0.94742883379247,0.65,72.05167336165448
GTCATCTCCAGAGAAATTGC,TGG,GTCATCTCCAGAGAAATTGCT,0.498676763695919,0.45,61.60051100576044
AGAGCCTGAGCCAGCTTAAG,GGG,AGAGCCTGAGCCAGCTTAAGG,0.501323547652253,0.55,69.17151080899595
ACAACAGACTCAATCAGCGT,TGG,ACAACAGACTCAATCAGCGTT,0.695050184658986,0.45,63.30587800689
GACAGACACGCTGCAGATCG,AGG,GACAGACACGCTGCAGATCGA,0.824772833060125,0.6,68.60852287246166
GGACACGATTCAGAGCTGTG,GGG,GGACACGATTCAGAGCTGTGG,0.958371797023609,0.55,66.38132056883899
GCGCAAGGCTCCATACACAA,TGG,GCGCAAGGCTCCATACACAAT,0.739795918367346,0.55,68.98977193857081
GGGTTTGCATAATATGTGCG,AGG,GGGTTTGCATAATATGTGCGA,0.873845376276621,0.45,61.38214216253226
AGGCCGAGGACAGTTCAGCG,AGG,AGGCCGAGGACAGTTCAGCGA,0.984042553191489,0.65,73.27514065960565
GGTTCCCAAAGGAAGTTGTG,AGG,GGTTCCCAAAGGAAGTTGTGA,0.904883175681138,0.5,64.42212276624497
AGGCGCAGGGTTCTAGCATG,TGG,AGGCGCAGGGTTCTAGCATGT,0.952653260158367,0.6,71.79797196535736
GTACTTACGCCCGCTTCTTG,AGG,GTACTTACGCCCGCTTCTTGA,0.531620215186414,0.55,66.52602634552585
ACTCCACTGCCATCAAAACA,AGG,ACTCCACTGCCATCAAAACAA,0.485969554455943,0.45,64.40746526542239
ACACAGGCAGCACGATTCGT,GGG,ACACAGGCAGCACGATTCGTG,0.474696664837509,0.55,69.02224273641491
AAGCGCTGTTGCTAGCCACA,TGG,AAGCGCTGTTGCTAGCCACAT,0.649322395287485,0.55,70.30506340980082
GCAGACAAGGAGAACGACAC,AGG,GCAGACAAGGAGAACGACACA,0.894123134328358,0.55,66.65644285750119
ATCCTGACAGTGAAGGACGT,CGG,ATCCTGACAGTGAAGGACGTC,0.909193564388214,0.5,66.39682533223765
AGATGACAGACGTGACTGGG,CGG,AGATGACAGACGTGACTGGGC,0.931443591929525,0.55,67.6226026285999
AACTGGCCAAGAACTCAAAG,AGG,AACTGGCCAAGAACTCAAAGA,0.947670250896057,0.45,62.47371481196751
GGAGCTGCCTTTAGGAGCCA,TGG,GGAGCTGCCTTTAGGAGCCAT,0.74804964539007,0.6,72.67906557905604
GGATCCCCTTGGGTCTGATG,GGG,GGATCCCCTTGGGTCTGATGG,0.855585997815689,0.6,70.65597035648261
GCGCATCCAATACCAGCTAG,TGG,GCGCATCCAATACCAGCTAGT,0.780035536775479,0.55,67.65264198765738
ACACGGATGCCATCCAGATG,AGG,ACACGGATGCCATCCAGATGA,0.869695512820512,0.55,68.29791554615645
GAGAAACACTTTAAAGAATG,TGG,GAGAAACACTTTAAAGAATGT,0.710557619012939,0.3,50.57951140201669
GCATTGTCTGCAAAAATCGT,CGG,GCATTGTCTGCAAAAATCGTC,0.239838767939758,0.4,59.119056902505974
GGTGCGTTTACCTGACTGTG,GGG,GGTGCGTTTACCTGACTGTGG,0.911381269648986,0.55,66.8220221408734
GTTTATGTACCATCTGTTCG,TGG,GTTTATGTACCATCTGTTCGT,0.397879284841468,0.4,57.33302546448266
ACTGGTTTAAGCCAGTTCAC,AGG,ACTGGTTTAAGCCAGTTCACA,0.209740259740259,0.45,63.14503556269358
GTTCTATGTATCACTTGGTG,AGG,GTTCTATGTATCACTTGGTGA,0.918497474747474,0.4,58.190398906328085
AAGGCCTGCAGATGTACCAA,AGG,AAGGCCTGCAGATGTACCAAA,0.92190524707081,0.5,68.00044418986931
GGAACCAGGCGTACACGGCG,CGG,GGAACCAGGCGTACACGGCGC,0.968309859154929,0.7,74.77988156913136
GTCACAGTGAAGGTCAGGGG,TGG,GTCACAGTGAAGGTCAGGGGT,0.781117584745762,0.6,70.14869789966912
GAGGAGGCTGATGCAACCCA,GGG,GAGGAGGCTGATGCAACCCAG,0.930875383328686,0.6,72.17588030262527
AGTGATATCTCGCTAACAGG,AGG,AGTGATATCTCGCTAACAGGA,0.8765625,0.45,62.10183257948887
AAGTGGTATCGAAATTAGAG,AGG,AAGTGGTATCGAAATTAGAGA,0.720083791568473,0.35,55.15848750162502
AGGAGAGGTCGGAGCCCTCG,GGG,AGGAGAGGTCGGAGCCCTCGG,0.91064252993651,0.7,75.9486282566163
AGGACATGAGCTATTGCCAG,TGG,AGGACATGAGCTATTGCCAGT,0.918735745386688,0.5,66.19406722894843
ACTGTCCTAGGCACGCCCTG,TGG,ACTGTCCTAGGCACGCCCTGT,0.884121830550401,0.65,74.43795041073275
GCAGGTGAAACATCTTACAC,GGG,GCAGGTGAAACATCTTACACG,0.82464016814324,0.45,61.75282509048998
GAAGGACTGTGCTAGAATGG,AGG,GAAGGACTGTGCTAGAATGGA,0.981914729875327,0.5,64.49549513002927
GTATCGGCTACATAGCAGAC,AGG,GTATCGGCTACATAGCAGACA,0.740378686062139,0.5,64.73917442414836
GGAGCATGGCCCAAAGACAT,GGG,GGAGCATGGCCCAAAGACATG,0.714768050879162,0.55,69.69433572255048
GTCCAGACATTCTGAAACTG,TGG,GTCCAGACATTCTGAAACTGT,0.854202898550724,0.45,60.89776973275673
GTACGTGTAGGTAGCCCACA,GGG,GTACGTGTAGGTAGCCCACAG,0.720578854814354,0.55,69.07971331169773
GGTGCTCTCGAAGTTTACTG,CGG,GGTGCTCTCGAAGTTTACTGC,0.880182507604483,0.5,63.46993636156731
GGGGCTGGATGGGGTAGAGT,AGG,GGGGCTGGATGGGGTAGAGTA,0.869094167481264,0.65,75.66853818377348
GCGCTTCACCGCGGCTGCTC,GGG,GCGCTTCACCGCGGCTGCTCG,0.666392298888418,0.75,77.73037131678393
AGTATAAGAAGTTTCCACAT,TGG,AGTATAAGAAGTTTCCACATT,0.566071428571428,0.3,54.56162435773729
GGAACGCGCTCTAGATCGCG,AGG,GGAACGCGCTCTAGATCGCGA,0.89770676968359,0.65,70.85283657960247
GCACGGATCCGCTGTCCCAA,AGG,GCACGGATCCGCTGTCCCAAA,0.732838846900336,0.65,73.72384683867
GCACATTGTAACGCAGTGGG,TGG,GCACATTGTAACGCAGTGGGT,0.725678413741658,0.55,67.21510046969144
GTAATTCCCTTATAGACAAG,AGG,GTAATTCCCTTATAGACAAGA,0.906915085491667,0.35,54.870588604815566
GAGGTGAGTGCGCTCTGCCG,GGG,GAGGTGAGTGCGCTCTGCCGG,0.977934072728678,0.7,74.70281701861114
AAGTGATGCTGGGACAGTCG,TGG,AAGTGATGCTGGGACAGTCGT,0.92203226186271,0.55,67.90797061318443
GGACCGGCTTCGGGCCATTG,TGG,GGACCGGCTTCGGGCCATTGT,0.304171522921522,0.7,75.55185284505745
GGCAAGGTCTTCAATTACAG,TGG,GGCAAGGTCTTCAATTACAGT,0.841784415626324,0.45,61.418899773595854
GCTGGACACACGGCTCACTG,GGG,GCTGGACACACGGCTCACTGG,0.885518000043139,0.65,72.40677954430669
GTTATGATGACTTGTACCAT,TGG,GTTATGATGACTTGTACCATT,0.619849470595739,0.35,56.92413060826652
GTCAGCCCAGCACGTCACCT,GGG,GTCAGCCCAGCACGTCACCTG,0.797635585571911,0.65,74.17291677731231
AGGGTCTAAGGGACCAAAAG,CGG,AGGGTCTAAGGGACCAAAAGC,0.750759109311741,0.5,66.099753801546
GCGGCTCTTAGCGTGCTGGG,GGG,GCGGCTCTTAGCGTGCTGGGG,0.930862312030075,0.7,75.6639741876927
AATGCCTGAACCCTTCACAG,AGG,AATGCCTGAACCCTTCACAGA,0.942250497551376,0.5,65.88824421794618
AGAAAGTTACAAATCATGTT,GGG,AGAAAGTTACAAATCATGTTG,0.439864511811673,0.25,50.70950471502857
GCAGCACATTTCCCGCAACA,AGG,GCAGCACATTTCCCGCAACAA,0.648200859291084,0.55,68.8042490051061
GGAGTTGAACCTACATCACT,GGG,GGAGTTGAACCTACATCACTG,0.659615291203186,0.45,63.00587257454288
AATGGACTCTTCGTATTGGG,TGG,AATGGACTCTTCGTATTGGGT,0.825296108291032,0.45,62.10076299245543
ATTTCTCCTAGATCATCTAG,AGG,ATTTCTCCTAGATCATCTAGA,0.211954022988505,0.35,56.198621745045955
AAATGCTACAGTTATGGATA,AGG,AAATGCTACAGTTATGGATAA,0.27115141380309,0.3,55.16437939141343
GAGGTGGCAACAGCCCCCCA,GGG,GAGGTGGCAACAGCCCCCCAG,0.406854743912678,0.7,78.13572026563298
GGATGCCTGAGTAGAAGATG,GGG,GGATGCCTGAGTAGAAGATGG,0.939690415063655,0.5,64.56493790840818
AGGAGTGGTTCTAGACTCAG,GGG,AGGAGTGGTTCTAGACTCAGG,0.942788461538461,0.5,65.42141338317526
GCTCACACCTAACTAGACAT,AGG,GCTCACACCTAACTAGACATA,0.720296868557539,0.45,63.224050994272204
GCAGATTGTTGGGTATATTT,TGG,GCAGATTGTTGGGTATATTTT,0.084279182032319,0.35,57.15590471277227
ACTAAACTGTACATCATGCA,GGG,ACTAAACTGTACATCATGCAG,0.918957151081503,0.35,58.24353995466049
ACTTACCTGATGGAAATGGT,TGG,ACTTACCTGATGGAAATGGTT,0.664173586622682,0.4,61.54552895982283
GCAGGCGGATCAAGCCCCTG,CGG,GCAGGCGGATCAAGCCCCTGC,0.865223665223665,0.7,76.09687969635593
AGGCAATGGGCACATTCCCG,TGG,AGGCAATGGGCACATTCCCGT,0.905492957746478,0.6,71.8515739425041
AGAGCCTAGGTCTGGCGTCG,GGG,AGAGCCTAGGTCTGGCGTCGG,0.957893028456017,0.65,73.49281381276654
AGCTAGCAGGATCCTGCAGT,AGG,AGCTAGCAGGATCCTGCAGTA,0.890803802255055,0.55,70.90088266627924
ATATTTAGTTGCATATCGTG,TGG,ATATTTAGTTGCATATCGTGT,0.778523294145103,0.3,52.143313305737706
GTACCTGTCCGACAAGTGTG,AGG,GTACCTGTCCGACAAGTGTGA,0.907312925170068,0.55,66.5465779310868
GGGGCCCAGCTATCCAACCC,GGG,GGGGCCCAGCTATCCAACCCG,0.881860776439089,0.7,77.6557242206976
GAAAGGGAAGATAGCCCCCG,TGG,GAAAGGGAAGATAGCCCCCGT,0.908669108669108,0.6,70.5186917969258
AAGGTGCGAAGTCACACGGA,AGG,AAGGTGCGAAGTCACACGGAA,0.926209564835866,0.55,68.76347779814057
ACATTCAGTCCCTTGAGCCG,AGG,ACATTCAGTCCCTTGAGCCGA,0.686920222634508,0.55,68.10715623363939
GCTCAATAATGCCACCTCGC,AGG,GCTCAATAATGCCACCTCGCA,0.266373963531198,0.55,67.78867514949098
GTGCCGGGTAGAGAGGGCAG,TGG,GTGCCGGGTAGAGAGGGCAGT,0.758655394524959,0.7,75.99104580104893
GGAAAAAGTCATCACAACTG,GGG,GGAAAAAGTCATCACAACTGG,0.886599495326438,0.4,57.71042247792133
GAAGCAAATCAAACAGGGCA,CGG,GAAGCAAATCAAACAGGGCAC,0.845224587101284,0.45,63.26354758823777
GAAAATTGGATCCAACTACA,AGG,GAAAATTGGATCCAACTACAA,0.510989010989011,0.35,56.74981387766104
ACGTGCCTGGATACATGAGA,TGG,ACGTGCCTGGATACATGAGAT,0.842028428736073,0.5,66.90687513373865
ATAGGACAGTATGTTCTTCC,AGG,ATAGGACAGTATGTTCTTCCA,0.400081032586675,0.4,60.118557029562
ACTCCTGGTTCTCAACTACA,AGG,ACTCCTGGTTCTCAACTACAA,0.196083838940981,0.45,64.18146875082988
GCAAGTGCAGTGGGGCTTGC,TGG,GCAAGTGCAGTGGGGCTTGCT,0.388038199787968,0.65,74.20298607781416
ACCCGAAATGCCACCCACAG,GGG,ACCCGAAATGCCACCCACAGG,0.836640846224052,0.6,71.51676938649797
GGCTCCAAAATCACGCTGTG,GGG,GGCTCCAAAATCACGCTGTGG,0.886061946902654,0.55,66.90428980860747
ATTGCTGGTATAGTACAGAT,TGG,ATTGCTGGTATAGTACAGATT,0.448612545502484,0.35,58.57871805057988
GATGATCCGGAACACATAGT,CGG,GATGATCCGGAACACATAGTC,0.440143104761562,0.45,62.51278012841669
AGCAACCACAGCGGGGCCAA,GGG,AGCAACCACAGCGGGGCCAAG,0.910608052019922,0.65,76.23437702799498
AGTGAGCCATTACTTACCTG,GGG,AGTGAGCCATTACTTACCTGG,0.951282051282051,0.45,62.98938468075664
ATGAGGCTGAGCAGTACACT,CGG,ATGAGGCTGAGCAGTACACTC,0.728809715783108,0.5,67.5905476585242
ATAATGTTTACATGGCAGGG,AGG,ATAATGTTTACATGGCAGGGA,0.644103194103193,0.4,60.24425657505816
GAGGACTCACGGACAAAGTG,GGG,GAGGACTCACGGACAAAGTGG,0.940276222471071,0.55,66.24859305192308
GCGCACCCAGTCGCTGAACG,AGG,GCGCACCCAGTCGCTGAACGA,0.894009216589861,0.7,74.26099796725686
GCATACCTGGGAGGAGCTGT,TGG,GCATACCTGGGAGGAGCTGTT,0.443597041253465,0.6,72.57533152386958
GAACTGGAAGACGTGTACTC,GGG,GAACTGGAAGACGTGTACTCG,0.591902505655867,0.5,63.676214387596474
ACAGCTAATTTGACCAACCA,AGG,ACAGCTAATTTGACCAACCAA,0.900472099682687,0.4,61.482512000154145
GGTAAGGCCTGCCTCGAAAG,CGG,GGTAAGGCCTGCCTCGAAAGC,0.919970161977834,0.6,70.32146211465238
AGTGTGGGGTGTCTGTGCTA,TGG,AGTGTGGGGTGTCTGTGCTAT,0.652500514509158,0.55,70.51065845189146
ATCCAGTGCAGTTTGGCAAG,AGG,ATCCAGTGCAGTTTGGCAAGA,0.683466677228559,0.5,65.97442058659794
AACTGTTTCTCTGTCAGATG,TGG,AACTGTTTCTCTGTCAGATGT,0.692764205361104,0.4,58.901261872403836
ACTACAACTAGTACTAAGTG,TGG,ACTACAACTAGTACTAAGTGT,0.903031006851701,0.35,55.88049135320398
GAGGCTATGAAGCCATGGTA,GGG,GAGGCTATGAAGCCATGGTAG,0.846871945259042,0.5,66.91149592057701
GTGGCGAAAGTCTCCAAGCG,GGG,GTGGCGAAAGTCTCCAAGCGG,0.982494279176201,0.6,68.99915372014652
AGGAGCTGAAGGGAATGTGG,AGG,AGGAGCTGAAGGGAATGTGGA,0.975426826970188,0.55,68.94316096766818
GCGTCTACTGGTACCAGCAG,AGG,GCGTCTACTGGTACCAGCAGA,0.945699614890885,0.6,70.14135191242639
AAGTCTACAAACACTGCCCG,GGG,AAGTCTACAAACACTGCCCGG,0.878325123152709,0.5,65.11229242290239
GAAGTGACCAAGGACCAGAG,TGG,GAAGTGACCAAGGACCAGAGT,0.979289940828402,0.55,67.08392327276346
ACAGCGAGGGCTCTACGTAG,CGG,ACAGCGAGGGCTCTACGTAGC,0.852202170620898,0.6,70.76054130882693
AGAAGTCGAGATGACGCGGA,TGG,AGAAGTCGAGATGACGCGGAT,0.930937818552497,0.55,67.82742238968046
GACTTGGTCGATGATCACCA,TGG,GACTTGGTCGATGATCACCAT,0.843007953138536,0.5,65.15830981518212
GGCCAGGAAAGCGTCCACTG,TGG,GGCCAGGAAAGCGTCCACTGT,0.928361100348702,0.65,72.88774948746482
ACATACCAATCCGTGGAGCC,AGG,ACATACCAATCCGTGGAGCCA,0.301690294438386,0.55,69.02693426318086
GACAGAACTGAGATCCAAAG,AGG,GACAGAACTGAGATCCAAAGA,0.877899877899877,0.45,60.837180269872135
AGGCTCCCATGTGTCCCAAG,AGG,AGGCTCCCATGTGTCCCAAGA,0.882683197389885,0.6,72.015204885537
GCACCAACAGAGTCAACAGA,AGG,GCACCAACAGAGTCAACAGAA,0.791261706829422,0.5,65.72459919570207
ACACCGGATACACTTTGGAG,GGG,ACACCGGATACACTTTGGAGG,0.821382842509603,0.5,65.16011348134157
GGATGCTGGATAGACAAGGT,TGG,GGATGCTGGATAGACAAGGTT,0.935644175566393,0.5,66.50664243772064
AATCGAATAGCTGATCCCTG,TGG,AATCGAATAGCTGATCCCTGT,0.801008673305493,0.45,62.20735225510583
GGCACTCGCCACCAGCACGG,GGG,GGCACTCGCCACCAGCACGGG,0.906751511684916,0.75,77.91644513052125
ATGAAGCATACGTACCATCT,GGG,ATGAAGCATACGTACCATCTG,0.469907407407407,0.4,60.93031688803609
AATACTTACTAGATCTAGTG,CGG,AATACTTACTAGATCTAGTGC,0.938617715127288,0.3,52.57268274000205
ACTTCTATACTGTTAAAAGC,TGG,ACTTCTATACTGTTAAAAGCT,0.362174559880981,0.3,52.93389360518432
GTGATGTTGAGATCATACAC,TGG,GTGATGTTGAGATCATACACT,0.807092173886129,0.4,58.574575340914464
ATCCATCCCAGCAGGACACG,CGG,ATCCATCCCAGCAGGACACGC,0.861990950226244,0.6,71.20554363334998
GCAGATTCTCACAGCCACAG,TGG,GCAGATTCTCACAGCCACAGT,0.90178288545177,0.55,67.29863074758049
ATTCTGGCATCCATTGACAC,GGG,ATTCTGGCATCCATTGACACG,0.804545604038709,0.45,63.320724979271915
GTCACTTATACATAGGCTGG,GGG,GTCACTTATACATAGGCTGGG,0.807518796992481,0.45,61.926588174031565
GGAAGACGGAACACTTCCGA,GGG,GGAAGACGGAACACTTCCGAG,0.801046290424857,0.55,67.33214050974101
GTTGCTATGGAGCTGAGTGT,GGG,GTTGCTATGGAGCTGAGTGTG,0.887183712078377,0.5,66.29508636438925
AAAGGATACTGATCTGTCTG,TGG,AAAGGATACTGATCTGTCTGT,0.69739500265816,0.4,59.320417509412096
AAGAAGCCCATCTATACCCA,GGG,AAGAAGCCCATCTATACCCAG,0.979848484848484,0.45,65.19572683251386
ACCCCTTCAGACCTAGAATC,CGG,ACCCCTTCAGACCTAGAATCC,0.364267676767676,0.5,66.30489823014244
ATATGTTTCAGTACAAGCAG,TGG,ATATGTTTCAGTACAAGCAGT,0.887055277859453,0.35,56.18371335893755
ACTTGGGTATAATTTGCGAG,AGG,ACTTGGGTATAATTTGCGAGA,0.36864804964539,0.4,59.01140655093286
GATCCAACTCTGTAGCATTG,AGG,GATCCAACTCTGTAGCATTGA,0.25131321142252,0.45,61.39129835983937
ACAGATTCTGCGATAATGTG,TGG,ACAGATTCTGCGATAATGTGT,0.884031360740319,0.4,58.751698088916385
GGTAAGCCATATGAGAAAGG,GGG,GGTAAGCCATATGAGAAAGGG,0.933494293239684,0.45,61.86674472227253
AACATCAAGTTCATTAATGC,TGG,AACATCAAGTTCATTAATGCT,0.378863636363636,0.3,53.29094393837158
ACACACACACTTGTCTGCGT,AGG,ACACACACACTTGTCTGCGTA,0.654938271604938,0.5,66.31948092751611
ACAGCTCCATCAGAGTACTC,AGG,ACAGCTCCATCAGAGTACTCA,0.434895686168771,0.5,65.96394591457704
ACTGATTTAGTCAGAGCCCA,AGG,ACTGATTTAGTCAGAGCCCAA,0.735326361949738,0.45,64.49549513002927
AGCACTATTCCCGGCCGGGT,GGG,AGCACTATTCCCGGCCGGGTG,0.811248710010319,0.65,76.04223511222318
GTCACCAGGCTACCCTCTCG,GGG,GTCACCAGGCTACCCTCTCGG,0.995192307692307,0.65,72.74293736874154
GCATAGCATTGGTAACACAC,AGG,GCATAGCATTGGTAACACACA,0.845258481622117,0.45,62.32742824533727
GGACACCGCCTCGTAGATGT,CGG,GGACACCGCCTCGTAGATGTC,0.78308497118883,0.6,70.8639255762169
ACAGTCTGACCAGCTCCATG,TGG,ACAGTCTGACCAGCTCCATGT,0.863339591155611,0.55,68.53407456871611
AAACGCATGGAAACACTCCG,AGG,AAACGCATGGAAACACTCCGA,0.907535460992907,0.5,64.29869133265544
ATCATGATCTCTGTTCCAAG,AGG,ATCATGATCTCTGTTCCAAGA,0.724760765550239,0.4,59.33725779187307
AAATCAAGCAATGTACCAAG,AGG,AAATCAAGCAATGTACCAAGA,0.920746814535157,0.35,56.17207764197866
ACATCCCTACCCAAGAAAAG,TGG,ACATCCCTACCCAAGAAAAGT,0.353702914079127,0.45,62.92183501820898
AGGACTGCCGGGACCTCGAG,GGG,AGGACTGCCGGGACCTCGAGG,0.953967175178054,0.7,76.0239443121593
AGAGACTGTTCATGGTACTG,TGG,AGAGACTGTTCATGGTACTGT,0.877614597240765,0.45,62.40915093451531
GATACTGGTAAACTGACTGG,CGG,GATACTGGTAAACTGACTGGC,0.914733033932135,0.45,61.411371460962414
GTATGATCGTGTATACTGTG,GGG,GTATGATCGTGTATACTGTGG,0.950447208800246,0.4,57.55872052714
GGGTACGCGACAATTGGCGG,AGG,GGGTACGCGACAATTGGCGGA,0.937878787878788,0.65,72.10011425832823
GAGGATTGTCAATACTCTCA,AGG,GAGGATTGTCAATACTCTCAA,0.706767614582593,0.4,59.8227074551653
ATATCCCGCCTCATTTACAG,TGG,ATATCCCGCCTCATTTACAGT,0.859878522837706,0.45,62.628593414579086
GGCACTACCAGTATCAGAGG,TGG,GGCACTACCAGTATCAGAGGT,0.82632868311855,0.55,67.88557711885755
AGGATAAATTTCAACCTCCG,GGG,AGGATAAATTTCAACCTCCGG,0.89242089771891,0.4,58.77254002160595
ATGTCAGTGAAGCCCAACCT,CGG,ATGTCAGTGAAGCCCAACCTC,0.822508874556272,0.5,67.58659787916758
GACCAGGATTGCCAATGCTA,AGG,GACCAGGATTGCCAATGCTAA,0.572668481960517,0.5,66.74080481148565
GCCGAACTGAGTGACCCCCC,GGG,GCCGAACTGAGTGACCCCCCG,0.940344950213371,0.7,75.90230165902892
GTTGTTCTCTGCTACGATGT,GGG,GTTGTTCTCTGCTACGATGTG,0.672163918040979,0.45,62.12199757398986
ACACCAGGTACGTGCTCATG,GGG,ACACCAGGTACGTGCTCATGG,0.765531008169356,0.55,68.22403653697421
GAAGAGCAGGAATCTTCAGA,GGG,GAAGAGCAGGAATCTTCAGAG,0.890680774373583,0.45,62.704936151622746
GCAGGTCAAATCTTCGCCTG,TGG,GCAGGTCAAATCTTCGCCTGT,0.823555197742377,0.55,66.83647435771076
GCAGGTCACTAGGATCTTTG,GGG,GCAGGTCACTAGGATCTTTGG,0.359381763251053,0.5,64.49549513002921
GGGTAGTCTCGTCCACTGAG,CGG,GGGTAGTCTCGTCCACTGAGC,0.873454097456504,0.6,69.46224699789178
GAAGCTTGGCCACTCTACAT,GGG,GAAGCTTGGCCACTCTACATG,0.577181077181077,0.5,66.47997683733053
ATCTGGGAGCACATCAGCAG,CGG,ATCTGGGAGCACATCAGCAGC,0.896361580769245,0.55,68.85208820926408
GCAGGGGAAAACATCCAGTG,TGG,GCAGGGGAAAACATCCAGTGT,0.941379999605859,0.55,67.72813427621787
GAGACAGGAAACAGGGACCC,AGG,GAGACAGGAAACAGGGACCCA,0.62898941364897,0.6,70.6292091458273
GTCAAAGTACGTGTCTATGT,AGG,GTCAAAGTACGTGTCTATGTA,0.44651171055905,0.4,58.93386377046363
ATGCAAGCTTCTATGCAGGG,TGG,ATGCAAGCTTCTATGCAGGGT,0.882530298551581,0.5,66.46973837442408
GGTGTGATTAGGCCCACTGG,GGG,GGTGTGATTAGGCCCACTGGG,0.88423645320197,0.6,71.02916693300818
GGAGCAGATGTCCCTTACCC,AGG,GGAGCAGATGTCCCTTACCCA,0.850434782608695,0.6,71.2169477943483
GTAAGTGACGATGTCCTCAG,GGG,GTAAGTGACGATGTCCTCAGG,0.933824618575026,0.5,63.38737673670181
ATCTCCATAAGTGTGGCTAG,AGG,ATCTCCATAAGTGTGGCTAGA,0.544840887174541,0.45,63.079517022437585
AAAGACTCACCATATTACCA,AGG,AAAGACTCACCATATTACCAA,0.752594160986022,0.35,58.29397911797605
GTCAGCAGCGGTGCAACACA,TGG,GTCAGCAGCGGTGCAACACAT,0.831449631449631,0.6,71.28031545464489
ATTGTATGCGTACTCCACGA,TGG,ATTGTATGCGTACTCCACGAT,0.808110119047619,0.45,63.24248619958922
GGTGATATCATCTTCGCAGT,TGG,GGTGATATCATCTTCGCAGTT,0.35810630596304,0.45,62.520326868903794
ATGTCTTGCGGACATAGTTG,AGG,ATGTCTTGCGGACATAGTTGA,0.921888053467,0.45,62.02716696153851
GTAACACACGTTGATCCGCA,GGG,GTAACACACGTTGATCCGCAG,0.938094758046205,0.5,64.70917660741247
GACAGGATGAAGATTCGTTG,TGG,GACAGGATGAAGATTCGTTGT,0.839243641753783,0.45,60.24060055255194
GCGTCATGGGACCAGCCACA,AGG,GCGTCATGGGACCAGCCACAA,0.684271987188042,0.65,74.31057842063387
GTTGTAGCTGTTCAGAGACT,GGG,GTTGTAGCTGTTCAGAGACTG,0.629269297683362,0.45,62.712602118137966
GGATCAACTGAGGTCCATCG,TGG,GGATCAACTGAGGTCCATCGT,0.928133216476774,0.55,66.58751450909222
GCTCACTTGTAGAAGCTCAC,AGG,GCTCACTTGTAGAAGCTCACA,0.372715206230777,0.5,64.6320935788662
GGATATTCTCTGATGCTCAG,GGG,GGATATTCTCTGATGCTCAGG,0.759533898305084,0.45,61.435688846658024
GTGACAGCCGAGTCCTGGAG,AGG,GTGACAGCCGAGTCCTGGAGA,0.894505494505494,0.65,72.22812583570726
ATGAGCCGTATGTTGTCAGG,TGG,ATGAGCCGTATGTTGTCAGGT,0.859205384281372,0.5,65.30589835312833
GCCAGGGCAGACATGCAGTG,TGG,GCCAGGGCAGACATGCAGTGT,0.893583436934009,0.65,73.58177606542779
GCAGGAACACAACAGACTTG,TGG,GCAGGAACACAACAGACTTGT,0.808257374716357,0.5,64.1083934970826
GAGCACGGACTCATTCCCTG,TGG,GAGCACGGACTCATTCCCTGT,0.873678428651666,0.6,69.59612571381592
GTTTACAGAATTTGCAACAC,AGG,GTTTACAGAATTTGCAACACA,0.193948405772819,0.35,55.007985947106874
GAGCGATGTGGACTACAGCT,CGG,GAGCGATGTGGACTACAGCTC,0.88937984496124,0.55,68.48171832651224
AGACTTGCTGCACAGCTTGC,AGG,AGACTTGCTGCACAGCTTGCA,0.414114502272987,0.55,69.23082209822928
AAGGAGGCTCTACTATGGCT,GGG,AAGGAGGCTCTACTATGGCTG,0.915351691419142,0.5,68.17651018864376
GAGGCAGCGAGACTCTGCAA,AGG,GAGGCAGCGAGACTCTGCAAA,0.89750123294427,0.6,71.07050996986322
GACAAAGCACTACTGGCTAT,TGG,GACAAAGCACTACTGGCTATT,0.457433606353933,0.45,63.45687915055743
GCTCTTCAGCCGTTTCCGTG,GGG,GCTCTTCAGCCGTTTCCGTGG,0.897261988015412,0.6,68.99915372014664
GGTGTCCAGGAATCCAGTGC,GGG,GGTGTCCAGGAATCCAGTGCG,0.866489832007073,0.6,70.79848352878469
ATGTCGGCTTGTTGTGAAGC,CGG,ATGTCGGCTTGTTGTGAAGCC,0.406021546748749,0.5,65.44964063021729
GCTACAGCTCTGGGACACGG,CGG,GCTACAGCTCTGGGACACGGC,0.954450947173879,0.65,72.85481400433457
ATGATAGACTCCTACCCCAG,CGG,ATGATAGACTCCTACCCCAGC,0.7828231292517,0.5,66.25529804993693
ATGGCTCCTCACAAGTGTAG,CGG,ATGGCTCCTCACAAGTGTAGC,0.793335696561502,0.5,65.87286170033866
GCTCTGGCTTCCTCCACCAA,AGG,GCTCTGGCTTCCTCCACCAAA,0.736957994579945,0.6,72.12190174515956
GCTGTTCACAGGGCTGAGGG,AGG,GCTGTTCACAGGGCTGAGGGA,0.741940683430045,0.65,73.42749055182793
GAGCCCAGGGAATCCGACTG,GGG,GAGCCCAGGGAATCCGACTGG,0.865997019374068,0.65,72.7516823620607
AAGAGCCTGACATACATCCT,GGG,AAGAGCCTGACATACATCCTG,0.703762966980812,0.45,64.63858435496536
GCGATGCCCGCATCTCACTG,AGG,GCGATGCCCGCATCTCACTGA,0.7922278338945,0.65,72.1648238361899
GGCACGAATCCGCTTGTCAC,AGG,GGCACGAATCCGCTTGTCACA,0.532840824297604,0.6,69.44142439893864
AGCCAACAAACACACTGGAA,AGG,AGCCAACAAACACACTGGAAA,0.692326732673267,0.45,64.33586293810163
GCACACGGGAGTGAACCGTA,CGG,GCACACGGGAGTGAACCGTAC,0.873626373626373,0.6,70.76531343653585
ACAGCTGGCTCTAATTTGAG,GGG,ACAGCTGGCTCTAATTTGAGG,0.93315900810906,0.45,62.78603641995221
GCGGTGACTATCTCCGTGTG,TGG,GCGGTGACTATCTCCGTGTGT,0.898479020979021,0.6,69.03525551681054
AGAACGAGGAACACTGCCCG,GGG,AGAACGAGGAACACTGCCCGG,0.950483250720124,0.6,70.25473226596216
ACACAGCTATGGAATACCGC,TGG,ACACAGCTATGGAATACCGCT,0.825441919191919,0.5,66.152407055597
ACGTAAGTTTACGTGTCACG,TGG,ACGTAAGTTTACGTGTCACGT,0.451117847669571,0.45,59.988111158866445
GGCAGAGGACGGAAATTAAG,TGG,GGCAGAGGACGGAAATTAAGT,0.528073593073593,0.5,63.93820364424283
GTAACTACACTGAAAGATGA,TGG,GTAACTACACTGAAAGATGAT,0.666666666666666,0.35,56.4498170791731
AAGGTGGAGATAACGCACTG,TGG,AAGGTGGAGATAACGCACTGT,0.978477328431372,0.5,65.17648732133148
GGAGATCAGCACTAAGATGG,TGG,GGAGATCAGCACTAAGATGGT,0.876530345524291,0.5,64.56493790840813
GATGGCTCTACCGCTCCCGA,TGG,GATGGCTCTACCGCTCCCGAT,0.903898839679906,0.65,73.86598068882574
AGTAGTACTAGAGGGCTCAG,TGG,AGTAGTACTAGAGGGCTCAGT,0.930861403275196,0.5,66.08664999310474
GCCCGAAGAGCAGTCGTGCG,AGG,GCCCGAAGAGCAGTCGTGCGA,0.861109504530557,0.7,74.18662677468404
AGACATACCTCAGAGCCCCA,AGG,AGACATACCTCAGAGCCCCAA,0.735506866776674,0.55,70.66201730390935
GAAGGTGAAGATCTCAGGAC,CGG,GAAGGTGAAGATCTCAGGACC,0.886620419543282,0.5,64.39489930853568
GCAGCAGCATGAGCGCCCCG,AGG,GCAGCAGCATGAGCGCCCCGA,0.908864170632418,0.75,78.313073906397
GTGGTTGACTCTGATCTCGG,GGG,GTGGTTGACTCTGATCTCGGG,0.950919975026626,0.55,66.29679935193178
ATGGTCTACGATATGGAGAA,GGG,ATGGTCTACGATATGGAGAAG,0.914014081015419,0.4,60.85301061780075
GCTGCCGTCTTACTCTTTGC,GGG,GCTGCCGTCTTACTCTTTGCG,0.13093486498527,0.55,67.38378518501122
GGCCCAAGGCAGTACGCGGC,AGG,GGCCCAAGGCAGTACGCGGCA,0.767908660038122,0.75,79.13161472428402
GAGAACTATCTAATTATAGG,TGG,GAGAACTATCTAATTATAGGT,0.52947619047619,0.3,51.366197232863556
AGTACACAGAATGGCGACCA,AGG,AGTACACAGAATGGCGACCAA,0.866473349903341,0.5,66.86493049591934
GTCGCCGAGCCCCGAGCGCA,CGG,GTCGCCGAGCCCCGAGCGCAC,0.954734848484848,0.8,80.86185802649254
AGTGTGATGCCTGTCTAAAG,TGG,AGTGTGATGCCTGTCTAAAGT,0.719317742789413,0.45,62.62694148779849
GTTTACCGCGGAATGCTCTG,GGG,GTTTACCGCGGAATGCTCTGG,0.828047268709407,0.55,66.40070527028593
GCCCCGCTTACCGTTCTGAG,CGG,GCCCCGCTTACCGTTCTGAGC,0.867532467532467,0.65,72.54367672549631
GACATTGTCCAGGGGCCCGT,AGG,GACATTGTCCAGGGGCCCGTA,0.674273220503684,0.65,74.67331951735304
GAGGTGAGACATGTTACTGA,AGG,GAGGTGAGACATGTTACTGAA,0.689011837364899,0.45,62.81354614721312
GGACATGTTGAAGGACGCCG,GGG,GGACATGTTGAAGGACGCCGG,0.930522034504335,0.6,69.0585212864031
ATTCTTCAGTATCTAATCGC,CGG,ATTCTTCAGTATCTAATCGCC,0.461109436237564,0.35,55.907708945608874
AGGTGCTGCTCCAGACGGTG,AGG,AGGTGCTGCTCCAGACGGTGA,0.888697193027535,0.65,73.88388246112163
GTACTGAGCGATAATATTCA,GGG,GTACTGAGCGATAATATTCAG,0.569668412711854,0.35,56.18953468403953
GCAATCCCCAAAGCATCATG,GGG,GCAATCCCCAAAGCATCATGG,0.817923704135119,0.5,65.02181627266731
GATCCAGATCGAGAGTGCCG,AGG,GATCCAGATCGAGAGTGCCGA,0.840579710144927,0.6,68.73638706600991
AGGTGGACTCAGTCCAGCGC,TGG,AGGTGGACTCAGTCCAGCGCT,0.862186253811869,0.65,74.10000772994624
ATGGCCCGTGTGTGTTGGAA,GGG,ATGGCCCGTGTGTGTTGGAAG,0.886026311350986,0.55,70.01870174206789
GTGAATCTGCCGTAACCTGG,CGG,GTGAATCTGCCGTAACCTGGC,0.917116329237541,0.55,67.05518731460728
GTACGGGCCTGACAATCACC,TGG,GTACGGGCCTGACAATCACCT,0.834665536882737,0.6,70.48326349999985
GACTCCGATAAGTAATCTTG,TGG,GACTCCGATAAGTAATCTTGT,0.675153643546971,0.4,57.21436646801726
GCCACAACCGGACGGCCCAG,AGG,GCCACAACCGGACGGCCCAGA,0.757030075187969,0.75,78.15274781336029
GATGTCCATCCAGCTACTAC,AGG,GATGTCCATCCAGCTACTACA,0.330323961218302,0.5,65.19972737830238
ACAGCCTGAGGAGCAACAGC,AGG,ACAGCCTGAGGAGCAACAGCA,0.885877719429857,0.6,72.11400833020116
GGCCCACATGGACATCGACA,AGG,GGCCCACATGGACATCGACAA,0.776014836183803,0.6,71.42036080644903
GCTTTGATACCACTCGGCAG,AGG,GCTTTGATACCACTCGGCAGA,0.858115283803326,0.55,67.0774421424502
GCACTTGGCGTCACCCTCCG,AGG,GCACTTGGCGTCACCCTCCGA,0.859451578882064,0.7,74.99283952469779
AGATTGTGCCCACCTACGAG,CGG,AGATTGTGCCCACCTACGAGC,0.709684459965078,0.55,68.35860738586933
GCGGTGGACGTGTAGTGCGG,CGG,GCGGTGGACGTGTAGTGCGGC,0.840530274372506,0.7,74.5149516836214
ACAGCATGAGGGTTAAAGTG,CGG,ACAGCATGAGGGTTAAAGTGC,0.922922077922078,0.45,62.84263020866962
GCTCTTACAGTCATGCAGTG,AGG,GCTCTTACAGTCATGCAGTGA,0.861943240047299,0.5,64.40972979189172
GGAGAGGACAGTGGGTACCA,TGG,GGAGAGGACAGTGGGTACCAT,0.763184584178499,0.6,72.01893164809445
GAGGACTGCCATTTCGCCAA,AGG,GAGGACTGCCATTTCGCCAAA,0.597470238095238,0.55,68.63929831018004
GCGAAGCCAGAATGCCGCGG,GGG,GCGAAGCCAGAATGCCGCGGG,0.907024051693191,0.7,74.86324245876602
AGCTGCTAGTCCACTCGCTG,CGG,AGCTGCTAGTCCACTCGCTGC,0.944175603178865,0.6,71.18761815788127
GTACCAGGATCCTCTTATAG,GGG,GTACCAGGATCCTCTTATAGG,0.685052097814766,0.45,61.79222987910964
GAAGTCGCTCTCTAAGACAG,AGG,GAAGTCGCTCTCTAAGACAGA,0.990566037735849,0.5,63.18621370789839
ATCAAGACCATTGACGCCCA,CGG,ATCAAGACCATTGACGCCCAC,0.913595364462763,0.5,66.92461832498196
AGATCGAAGTATGCCTCACC,AGG,AGATCGAAGTATGCCTCACCA,0.85673095103044,0.5,65.58560104131914
GGCCTGTGGAGTGACTACTC,AGG,GGCCTGTGGAGTGACTACTCA,0.545810030255799,0.6,70.70391709894034
GCAATCGTATCTCTCATAGG,AGG,GCAATCGTATCTCTCATAGGA,0.830366283744516,0.45,60.85522888935117
GGAAAGTGCCTCTTCATCTG,GGG,GGAAAGTGCCTCTTCATCTGG,0.90913247974915,0.5,64.27815857030873
ATTCAAAGGTGCCAATAACA,CGG,ATTCAAAGGTGCCAATAACAC,0.367440225035161,0.35,58.34297301237626
AGCACAGCATCACACGTCCC,AGG,AGCACAGCATCACACGTCCCA,0.72137663507829,0.6,71.34486061012092
ATGGCGTGCTTCATAGCAGT,GGG,ATGGCGTGCTTCATAGCAGTG,0.826299238662694,0.5,67.32676449731349
ATGTCTATTCTATATCCGAG,GGG,ATGTCTATTCTATATCCGAGG,0.865237117604273,0.35,55.68281710739825
AACTCAGCTGACATTCTACA,CGG,AACTCAGCTGACATTCTACAC,0.59538242511661,0.4,61.08827213323684
AAAACAAGGGGCAGATACAT,TGG,AAAACAAGGGGCAGATACATT,0.154731807861387,0.4,61.756273021536344
AAGAACCAAGCACCTTTCTG,GGG,AAGAACCAAGCACCTTTCTGG,0.731203007518797,0.45,62.47371481196751
ATGGTGGGACTTGATAATGC,TGG,ATGGTGGGACTTGATAATGCT,0.720347648261758,0.45,63.68543903447306
AGAACTGGAATGACGATACA,AGG,AGAACTGGAATGACGATACAA,0.815815649867374,0.4,60.423014542349506
GTTATAACAGACTACTGTCT,GGG,GTTATAACAGACTACTGTCTG,0.492504985803321,0.35,56.479521051937866
GGTGTACCAGTGATCAGCCT,GGG,GGTGTACCAGTGATCAGCCTG,0.574401794616151,0.55,69.34634833800425
ACGGGGGTACCTCGAAGCCG,CGG,ACGGGGGTACCTCGAAGCCGC,0.81998231653404,0.7,76.19595176280791
GCACAGTCAAAGTCAGCAAA,AGG,GCACAGTCAAAGTCAGCAAAA,0.426065083404413,0.45,62.81131345378668
GGAAGAAGCTATGCCCATAG,AGG,GGAAGAAGCTATGCCCATAGA,0.664133254056476,0.5,65.21233624118724
AGATGACAGAGTTTCTTCAA,AGG,AGATGACAGAGTTTCTTCAAA,0.507839721254355,0.35,57.49971127190099
GGACGATGGCGTGCATACCG,TGG,GGACGATGGCGTGCATACCGT,0.944082585719552,0.65,71.84368457190601
AATACCTACATAGGCCCTCA,AGG,AATACCTACATAGGCCCTCAA,0.370304451768112,0.45,65.42829234758801
ACAATCTTAAAAGGCGGACA,CGG,ACAATCTTAAAAGGCGGACAC,0.879279279279279,0.4,60.621390039071514
GCAGACGTATGAAGCATCCA,TGG,GCAGACGTATGAAGCATCCAT,0.899452499974125,0.5,65.64502737013544
GGCGTGCAGGAACATGAGCA,AGG,GGCGTGCAGGAACATGAGCAA,0.866161616161616,0.6,71.49833938379192
AGAGGATGAACCCACGCTTG,AGG,AGAGGATGAACCCACGCTTGA,0.805286069651741,0.55,68.10715623363927
GCGGCCGTACTACCAGACGG,AGG,GCGGCCGTACTACCAGACGGA,0.916666666666666,0.7,75.0109733779658
AAGATCGTAGCCAGACCCCC,AGG,AAGATCGTAGCCAGACCCCCA,0.836842672629911,0.6,71.90405042800819
AAGCCGGGCCTGAAAAGGTG,AGG,AAGCCGGGCCTGAAAAGGTGA,0.975409836065573,0.6,71.73069054066679
AAAGAGGTCCTTATACGTAC,AGG,AAAGAGGTCCTTATACGTACA,0.623779946761313,0.4,59.280483468873
AAAGGCTGCTGATGACACCT,GGG,AAAGGCTGCTGATGACACCTG,0.480374269005848,0.5,67.61035994282275
AAGTTTCAGAGCTGCCACTC,AGG,AAGTTTCAGAGCTGCCACTCA,0.46269620548524,0.5,65.94505727759088
GGCTCACTCACCGGGGGGCA,GGG,GGCTCACTCACCGGGGGGCAG,0.539712320200124,0.75,80.01019664472648
GATTCTAATTAAGAAGCCCG,AGG,GATTCTAATTAAGAAGCCCGA,0.849953689410311,0.4,57.456065850411676
AAGACCAGCCACCAAAACGT,AGG,AAGACCAGCCACCAAAACGTA,0.899038461538461,0.5,66.88366224321686
GATGACGCAGCACCGACGGA,TGG,GATGACGCAGCACCGACGGAT,0.665625,0.65,72.638529279784
GTGGCCCCGACAGCACTGCA,GGG,GTGGCCCCGACAGCACTGCAG,0.966640414041404,0.7,77.17104473085936
ACTTGGGAGGACACTTGGGA,GGG,ACTTGGGAGGACACTTGGGAG,0.768804331810814,0.55,70.36527188029163
GTTTGACTTTGCGTACACGG,AGG,GTTTGACTTTGCGTACACGGA,0.909740259740259,0.5,62.85155062005407
GAGCAGATGCCCGAGTACCG,CGG,GAGCAGATGCCCGAGTACCGC,0.927096774193548,0.65,72.27964235311327
GGGCCTCCCCAAGGGGTGAG,CGG,GGGCCTCCCCAAGGGGTGAGC,0.871430366623731,0.75,79.49377091750097
ATAACTTTGGCATCAACTCG,GGG,ATAACTTTGGCATCAACTCGG,0.763636363636363,0.4,58.7181124379909
GCTGGAGCAGGGATGATAGT,GGG,GCTGGAGCAGGGATGATAGTG,0.405637819545288,0.55,69.59969574879136
GGTACAGCCGGGACGCTCGA,AGG,GGTACAGCCGGGACGCTCGAA,0.747086598352421,0.7,75.9807692758539
GCATCTGGGAAGGTATCATG,AGG,GCATCTGGGAAGGTATCATGA,0.976921832011652,0.5,64.92801739892303
GCTGCCCTGCCCCTGGAGGG,TGG,GCTGCCCTGCCCCTGGAGGGT,0.428280817174515,0.8,82.35147065052684
GCTTGCCAAGAATCACCATG,AGG,GCTTGCCAAGAATCACCATGA,0.92113241870689,0.5,64.72134493171444
GAGAATCACGACCCGACCCA,AGG,GAGAATCACGACCCGACCCAA,0.812608742931709,0.6,70.40140916757537
GCACAATCCGGCGTGACATG,CGG,GCACAATCCGGCGTGACATGC,0.641219273572214,0.6,69.24136129105244
GGCGCTTGTCGGGTGCCCCG,TGG,GGCGCTTGTCGGGTGCCCCGT,0.954930602412326,0.8,80.51607292316805
ACGCCGTCGCCTATCCAGTA,GGG,ACGCCGTCGCCTATCCAGTAG,0.558488627607659,0.6,71.99405948278394
GAAGCATCGAACATCTTAGT,GGG,GAAGCATCGAACATCTTAGTG,0.170753250423968,0.4,59.00456742389218
AGTCTCCAAGGACGGCAACG,GGG,AGTCTCCAAGGACGGCAACGG,0.866829180209461,0.6,70.25473226596216
ACTGTAGTATAATCGCCGGG,GGG,ACTGTAGTATAATCGCCGGGG,0.865423387096774,0.5,65.16582972971173
GCAGCTCGGACGTGACCGCC,TGG,GCAGCTCGGACGTGACCGCCT,0.343090516199562,0.75,77.26463239511457
GTCCATCTGGATGTGTCGAG,AGG,GTCCATCTGGATGTGTCGAGA,0.892662092143957,0.55,66.4084769702983
GCCGTCAAAGGACCAGCGGT,TGG,GCCGTCAAAGGACCAGCGGTT,0.850505561172901,0.65,73.90294509613989
ATAAGAGGCCTGGAGATCGT,GGG,ATAAGAGGCCTGGAGATCGTG,0.790624816047824,0.5,67.07372299969256
ATCCAGTCCAAGTTGAAGGT,AGG,ATCCAGTCCAAGTTGAAGGTA,0.923281579353246,0.45,64.3336134827307
GTCGGGTTTGACATCAACTG,TGG,GTCGGGTTTGACATCAACTGT,0.973404255319148,0.5,63.45960333619803
ACAGGCCATTTGTCATCACT,GGG,ACAGGCCATTTGTCATCACTG,0.407754326723872,0.45,64.5491456749807
ACGCCGGCCGCAATGTTCAG,AGG,ACGCCGGCCGCAATGTTCAGA,0.759482758620689,0.65,73.21286424752333
GAGTTCTTGGACCAAAACAA,AGG,GAGTTCTTGGACCAAAACAAA,0.857314791718632,0.4,59.56841238220579
GTTCTGCCGAAGGACAACTC,AGG,GTTCTGCCGAAGGACAACTCA,0.598962982410081,0.55,66.84020934071299
GATTATGATAGGAGACCGTT,GGG,GATTATGATAGGAGACCGTTG,0.544623366724476,0.4,59.43388953171808
GAGGGCCAAGGAGCTGGGTG,GGG,GAGGGCCAAGGAGCTGGGTGG,0.998102466793168,0.7,76.51768343802587
GAAGAACATCAAGTGTTACA,GGG,GAAGAACATCAAGTGTTACAG,0.510059898633082,0.35,56.35686839941877
ATGACTTTGGTGTTCCCAAG,TGG,ATGACTTTGGTGTTCCCAAGT,0.926030952609824,0.45,62.62559713391448
ATGTGTGTAGATCGTGGGCG,GGG,ATGTGTGTAGATCGTGGGCGG,0.622100448349259,0.55,67.61035994282275
ATACCCTGCGGCAGGTTCGA,AGG,ATACCCTGCGGCAGGTTCGAA,0.334767804888661,0.6,72.59558431586896
GAAGCACTCAGGAAGACCCA,AGG,GAAGCACTCAGGAAGACCCAA,0.958822029576746,0.55,68.86680780520021
ATGGTGACATTGTCATTCAG,GGG,ATGGTGACATTGTCATTCAGG,0.887585880123193,0.4,59.45588389213549
AAGTAGTAGCCGAACGTCTG,AGG,AAGTAGTAGCCGAACGTCTGA,0.788050756662649,0.5,64.30254879463808
ACTTTGTGGTTCATCACTAG,AGG,ACTTTGTGGTTCATCACTAGA,0.498012785002681,0.4,59.24672994298214
ACGTGAGAGATCCCCTCAGT,TGG,ACGTGAGAGATCCCCTCAGTT,0.607090965989739,0.55,69.36964446296844
ACAAGTACGAAAATGTCCCC,AGG,ACAAGTACGAAAATGTCCCCA,0.846929238985313,0.45,62.46988833067053
ATCACACACACACCTGTAGG,AGG,ATCACACACACACCTGTAGGA,0.729172070165859,0.5,65.74298521207459
ATTCTTGGTTAATTCAAGCC,GGG,ATTCTTGGTTAATTCAAGCCG,0.137143798803366,0.35,56.76584936488814
GGTGTTATTGAATATTGCCA,TGG,GGTGTTATTGAATATTGCCAT,0.894113089126939,0.35,57.268644350780846
GAGATGGTGCTGGAGATGAT,CGG,GAGATGGTGCTGGAGATGATC,0.449839156465016,0.5,66.1452799254476
GGACTTCACCAATCCCAGCC,AGG,GGACTTCACCAATCCCAGCCA,0.335274563867343,0.6,71.01976543913383
GCTGGTGAACAACACAGAGT,TGG,GCTGGTGAACAACACAGAGTT,0.732607470442144,0.5,65.81534289893904
GCGGCACCGCCACGTCGGAG,CGG,GCGGCACCGCCACGTCGGAGC,0.810394032593066,0.8,79.3918855374709
GGCGTACAAGGACCAGTGGG,AGG,GGCGTACAAGGACCAGTGGGA,0.90116982654296,0.65,73.13508901187913
GCAGCAAGCACACAGGGCCT,GGG,GCAGCAAGCACACAGGGCCTG,0.182491987179487,0.65,75.44117509218341
AGCTACAAGGATAATCTCCA,GGG,AGCTACAAGGATAATCTCCAG,0.944072835377183,0.4,61.66110053286491
GCTGGGGATATTGCAGGAGT,GGG,GCTGGGGATATTGCAGGAGTG,0.830502717391304,0.55,69.88582007692753
GAGGCCCGAGAGATGCCGTG,TGG,GAGGCCCGAGAGATGCCGTGT,0.927931115829205,0.7,74.8715737449889
GGCACCGCTAAGAAGAATGG,CGG,GGCACCGCTAAGAAGAATGGC,0.857068123692164,0.55,67.27264308397292
ACAGGCAATCCGAACGTCCA,GGG,ACAGGCAATCCGAACGTCCAG,0.934053651266766,0.55,69.05852128640316
GAAAGTCACATGGCTCCCCG,GGG,GAAAGTCACATGGCTCCCCGG,0.898504754754754,0.6,69.8785701592792
ACACCAGGGTGGGTGCACGG,TGG,ACACCAGGGTGGGTGCACGGT,0.852001404494382,0.7,77.08467714455111
AAGTTTGCATCCTATTAGTT,TGG,AAGTTTGCATCCTATTAGTTT,0.112359808736267,0.3,54.666800032920776
AGAGACTCTTCCTAATGTCC,GGG,AGAGACTCTTCCTAATGTCCG,0.703593408775064,0.45,62.878839603126664
AGGCTCAGGATATTAGTGGC,CGG,AGGCTCAGGATATTAGTGGCC,0.692426067175163,0.5,66.95601253978214
ACATCTGGTAGTGGTGAAGG,TGG,ACATCTGGTAGTGGTGAAGGT,0.855,0.5,65.85451182499071
GCCACTGCACGAAGGCACCC,TGG,GCCACTGCACGAAGGCACCCT,0.715044862208929,0.7,76.14730143135796
GAGGGCACGCACAGCCAGTG,GGG,GAGGGCACGCACAGCCAGTGG,0.902612895534375,0.7,75.61372509051034
AAGTTATTGATGGTGATGTA,GGG,AAGTTATTGATGGTGATGTAG,0.844281931660572,0.3,54.96910170799134
ACGAAACATAGGGCGAGCCG,GGG,ACGAAACATAGGGCGAGCCGG,0.454396938013442,0.6,70.25017750197651
AGCATCAACAAGCGGTACAC,GGG,AGCATCAACAAGCGGTACACG,0.627430555555555,0.5,65.67962085868146
GCTGGTTCGGCTCTACGCTG,TGG,GCTGGTTCGGCTCTACGCTGT,0.924988798639752,0.65,72.33694115493324
GGAGCGAACTCGATGGGCTA,AGG,GGAGCGAACTCGATGGGCTAA,0.86958836964611,0.6,70.9500421598865
GGATGTAAAATCATGGTCCG,AGG,GGATGTAAAATCATGGTCCGA,0.85385582335902,0.45,60.9171106624396
ATAGTGGGACACAGCAGGCC,AGG,ATAGTGGGACACAGCAGGCCA,0.521529888551165,0.6,72.64807159768458
AAGATGTCGCAAAGGCACTC,AGG,AAGATGTCGCAAAGGCACTCA,0.506295447471918,0.5,65.38322613699751
GGTGTAGTGCACAGTCGCAG,GGG,GGTGTAGTGCACAGTCGCAGG,0.923160173160173,0.6,69.72930125411949
AGCCTCGCTATCCATATCAG,AGG,AGCCTCGCTATCCATATCAGA,0.882985732033279,0.5,65.72482846771936
GACCGAGGTGGGGACCCCTG,GGG,GACCGAGGTGGGGACCCCTGG,0.696008209767948,0.75,78.33735066039475
GTTTGTATGTTATTCCAGGG,GGG,GTTTGTATGTTATTCCAGGGG,0.673216181377009,0.4,58.461179656551565
GCAGTTCAAAGGTCGGGTTG,GGG,GCAGTTCAAAGGTCGGGTTGG,0.435937050332469,0.55,66.77164977483585
GCCTCGTATTCCACAACCAG,GGG,GCCTCGTATTCCACAACCAGG,0.916870769445144,0.55,67.05518731460728
GCTCCTGGACCATATTCTCT,GGG,GCTCCTGGACCATATTCTCTG,0.191898160021182,0.5,66.4397525571759
GCTGAAACTCATCAGTCCTG,AGG,GCTGAAACTCATCAGTCCTGA,0.555773666932836,0.5,64.11802918327112
ACCTGTATCGAGGATCCTGG,AGG,ACCTGTATCGAGGATCCTGGA,0.929150833089739,0.55,68.28910926948612
AAAAGACCAGCAATCAAAGA,CGG,AAAAGACCAGCAATCAAAGAC,0.171496133923879,0.35,57.79992602126936
GGAGATACCTGTGACCGTGA,GGG,GGAGATACCTGTGACCGTGAG,0.909090909090909,0.55,68.29813350449035
AAAAATCAAGGAGGTTACCG,AGG,AAAAATCAAGGAGGTTACCGA,0.481330014224751,0.4,58.62541648940805
AATCGCCCACCGTAGCACAT,TGG,AATCGCCCACCGTAGCACATT,0.265319865319865,0.55,69.80219128241947
ATAAATAAACTTCTCCACTC,TGG,ATAAATAAACTTCTCCACTCT,0.342799438004917,0.3,53.057562764082604
GCCTAGGAGTCCTTGGTCAG,TGG,GCCTAGGAGTCCTTGGTCAGT,0.943181818181818,0.6,70.59174828722757
AATCGCAACACTCGGCAGTT,TGG,AATCGCAACACTCGGCAGTTT,0.168055555555555,0.5,66.07746126051984
GCTTAGAGCACGAGCCACCA,GGG,GCTTAGAGCACGAGCCACCAG,0.872616957713511,0.6,71.63887336292441
GTCCAGCACTGAGTTCCAAG,GGG,GTCCAGCACTGAGTTCCAAGG,0.909076473636216,0.55,67.17234207293689
GAGCGCTTCAACGAGACCAT,CGG,GAGCGCTTCAACGAGACCATC,0.784133725820016,0.55,67.59970836537735
GGTTGTCCCATCTTACGAAG,AGG,GGTTGTCCCATCTTACGAAGA,0.604016496324188,0.5,63.7640448334634
GAACTGTGAGATGCCTGACT,GGG,GAACTGTGAGATGCCTGACTG,0.653156085957701,0.5,65.8037709327088
GACCCGGCTATATGTCCTGG,AGG,GACCCGGCTATATGTCCTGGA,0.978463691494324,0.6,70.63592191613628
GTGGTGGGCGACCTGACCTA,CGG,GTGGTGGGCGACCTGACCTAC,0.828856835750191,0.65,74.45260268555336
GAACACAACAGCTACCTACG,CGG,GAACACAACAGCTACCTACGC,0.928426659519941,0.5,63.75141829243785
ATTAGCCGAAATCCCTACTG,TGG,ATTAGCCGAAATCCCTACTGT,0.854626161742266,0.45,62.46476083696831
ACTGTGTCATGCTAACCGCT,CGG,ACTGTGTCATGCTAACCGCTC,0.806054437403552,0.5,66.99919027504137
AGTGATGGCAGAATGCATCA,AGG,AGTGATGGCAGAATGCATCAA,0.491099852952225,0.45,64.62345456717793
AGGGCCTCTGTGCTACTCGG,CGG,AGGGCCTCTGTGCTACTCGGC,0.933439367649894,0.65,74.36242955132104
AGATTGCTAAAGGTCCCTTG,AGG,AGATTGCTAAAGGTCCCTTGA,0.828696840544797,0.45,62.93107969167647
GTTATTCTTACCTCAGAGTG,GGG,GTTATTCTTACCTCAGAGTGG,0.769711600837766,0.4,57.92053686081334
GATGCAGAACTGACCGCATG,TGG,GATGCAGAACTGACCGCATGT,0.614545328190694,0.55,66.75989314341138
ATATACTGAGCACTTACACT,CGG,ATATACTGAGCACTTACACTC,0.599730389626253,0.35,58.25913255148731
AGAGCCGCAAAAGCGCCAAG,GGG,AGAGCCGCAAAAGCGCCAAGG,0.932726647443189,0.6,70.9625625237955
ACTTTGAACATTGCACCATC,TGG,ACTTTGAACATTGCACCATCT,0.160962204140032,0.4,59.93578761058541
GGGCTCCCGCACGAACAGGA,AGG,GGGCTCCCGCACGAACAGGAA,0.918482115715877,0.7,76.5034770360113
ACACAAAGCTGTCGTAGTCT,CGG,ACACAAAGCTGTCGTAGTCTC,0.148953153333555,0.45,63.36789196990725
GCCGCAGAAGTATCTCCGAA,TGG,GCCGCAGAAGTATCTCCGAAT,0.747078651685393,0.55,67.91734306061488
GAGCACTTCTCAGCGTACCA,GGG,GAGCACTTCTCAGCGTACCAG,0.970728291316526,0.55,68.3234017249261
GTGATGGCACAGGAGTTGCC,AGG,GTGATGGCACAGGAGTTGCCA,0.566949632144878,0.6,70.90035648001168
GCCTTGTGCTACCTGAACCG,AGG,GCCTTGTGCTACCTGAACCGA,0.888434710105139,0.6,70.16799165481166
GTGCTTCATGCAAATCAGCT,GGG,GTGCTTCATGCAAATCAGCTG,0.428323148108515,0.45,63.25685879726251
GAGGTCTTCAACGACGAATG,GGG,GAGGTCTTCAACGACGAATGG,0.792792792792792,0.5,62.453793824186334
GAAACGATTGCTCAGGACTG,TGG,GAAACGATTGCTCAGGACTGT,0.295927805414593,0.5,63.40632522202225
GATTTGTGACGAGATACTTG,GGG,GATTTGTGACGAGATACTTGG,0.665455031798331,0.4,57.023554798182715
AGCTGGCTCGAACTTGCATA,GGG,AGCTGGCTCGAACTTGCATAG,0.803537402964008,0.5,67.09984158528465
GCTGAGGCTCTGGGGGTGGC,CGG,GCTGAGGCTCTGGGGGTGGCC,0.479499124267453,0.75,79.52733351837026
GCCTCCCCACTGAGGAACTG,CGG,GCCTCCCCACTGAGGAACTGC,0.859832069339111,0.65,73.3146454434845
GAGCAGGGCAGGGACAGCAA,AGG,GAGCAGGGCAGGGACAGCAAA,0.849818051355645,0.65,75.08256300371403
AGCTGGAAAGCCTATTCCAG,AGG,AGCTGGAAAGCCTATTCCAGA,0.175973329903095,0.5,66.26112244720053
AATGATAACACTTTGTGTCC,AGG,AATGATAACACTTTGTGTCCA,0.273553284950343,0.35,56.602281025759
AGCCAGGACACGTGCAGGAC,AGG,AGCCAGGACACGTGCAGGACA,0.702101008503846,0.65,74.17291677731237
GTAGAGATTGATGCTCACAT,AGG,GTAGAGATTGATGCTCACATA,0.826923076923076,0.4,59.9998561337577
GGAAGTATTCCCGCCTAAGG,AGG,GGAAGTATTCCCGCCTAAGGA,0.809741898713564,0.55,67.6302175161996
ACAGGCAGCCCATGATGCCG,TGG,ACAGGCAGCCCATGATGCCGT,0.941019270407501,0.65,74.58347790698866
ACTGACCAATATCCGCAACG,TGG,ACTGACCAATATCCGCAACGT,0.744005418830435,0.5,64.59544504214523
ACCAATAAGTGTGAACGCGC,TGG,ACCAATAAGTGTGAACGCGCT,0.478229637353724,0.5,64.97393465837774
AGTGTCTTCATCTTACCCAG,TGG,AGTGTCTTCATCTTACCCAGT,0.889573880449792,0.45,62.55490127310105
GGGTGCCATACCAATAGGTG,CGG,GGGTGCCATACCAATAGGTGC,0.876976959310605,0.55,68.53031278250728
ATTGTGGTGTTTGTCTCCAG,AGG,ATTGTGGTGTTTGTCTCCAGA,0.799636713324073,0.45,62.47850835179116
AAGACGCTCTCGCTGCACGG,TGG,AAGACGCTCTCGCTGCACGGT,0.912577117747784,0.65,72.51535771127095
GTAATTAACCTTAAGTGGTT,CGG,GTAATTAACCTTAAGTGGTTC,0.413891981034838,0.3,53.06641813950256
ACAACCAGTTAAAACATACG,TGG,ACAACCAGTTAAAACATACGT,0.854814814814814,0.35,55.08061459461794
GATACAAAATTCTTGAGGAA,TGG,GATACAAAATTCTTGAGGAAT,0.231451505016722,0.3,53.11666187509542
AGTGCCTGGACACTGCACAG,CGG,AGTGCCTGGACACTGCACAGC,0.911562918340026,0.6,71.5976613586206
ACCGTCTTTGGCATTTACTA,TGG,ACCGTCTTTGGCATTTACTAT,0.412375177069306,0.4,60.816491525266656
AGGTAACAAGGTCCAAACGT,TGG,AGGTAACAAGGTCCAAACGTT,0.733169705469845,0.45,63.7444436242223
ACTGTCATAGTAGTACCAGG,TGG,ACTGTCATAGTAGTACCAGGT,0.904174293268252,0.45,62.97215056755323
GTTGAGCGTTACAAACAGCA,TGG,GTTGAGCGTTACAAACAGCAT,0.842034805890227,0.45,62.26685344474612
AACATATTGCTATAACACCA,AGG,AACATATTGCTATAACACCAA,0.871008820194744,0.3,55.22273515121617
GAGAGTTTCTGCATTTGTGA,TGG,GAGAGTTTCTGCATTTGTGAT,0.290526610165541,0.4,59.58004382826806
GATGTTACTTCAATATCCTG,CGG,GATGTTACTTCAATATCCTGC,0.802415389353015,0.35,54.912583986251036
GGAGTTTATCCGAGTACACC,CGG,GGAGTTTATCCGAGTACACCC,0.668325984923908,0.5,64.35167766129939
ATGGTGATAACTATGTTCGT,CGG,ATGGTGATAACTATGTTCGTC,0.531759154806241,0.35,57.44449760356804
ACTTCCTCTTCATCATCACC,AGG,ACTTCCTCTTCATCATCACCA,0.426135873549834,0.45,62.88963230567924
ACAGCATGGACCACTTCTCA,GGG,ACAGCATGGACCACTTCTCAG,0.740458937198067,0.5,67.27646489103921
AGACTATGAGCACGACGATG,AGG,AGACTATGAGCACGACGATGA,0.921797418073485,0.5,64.13165605093792
GATAGCAAAAAATTAGCCAA,TGG,GATAGCAAAAAATTAGCCAAT,0.284126984126984,0.3,53.40603933015956
GACTGAGTATAAGATCACGG,TGG,GACTGAGTATAAGATCACGGT,0.957799145299145,0.45,60.54718154742136
GAGTTGATTGAGGTAAAGCG,AGG,GAGTTGATTGAGGTAAAGCGA,0.931577266922094,0.45,60.429323065046276
AGAGGAGATCTACTACCGAG,AGG,AGAGGAGATCTACTACCGAGA,0.900116994589,0.5,64.94669192005648
ATGGCGACAGCATAGGCTCG,GGG,ATGGCGACAGCATAGGCTCGG,0.801319489508976,0.6,70.96374725825166
ACCTGAGAAGACAGTCAGTA,AGG,ACCTGAGAAGACAGTCAGTAA,0.686428571428571,0.45,63.95769635435181
AATTCACAGAGAAACACGAA,TGG,AATTCACAGAGAAACACGAAT,0.818435754189944,0.35,56.70566035417477
GCTCCTCCTGGCACCAGAAG,TGG,GCTCCTCCTGGCACCAGAAGT,0.705560292284617,0.65,73.35491149782598
GGGCAGTCGTCGGGGCACAG,CGG,GGGCAGTCGTCGGGGCACAGC,0.859634888438133,0.75,77.78622127884091
GAAACATGACAGCGGTGCGG,CGG,GAAACATGACAGCGGTGCGGC,0.662833179430539,0.6,69.15623485071097
GAGCCTCACGAGGCTCGCAG,AGG,GAGCCTCACGAGGCTCGCAGA,0.194619147449336,0.7,74.6291688163816
AGTCGCTAGGTCAGCCCATG,GGG,AGTCGCTAGGTCAGCCCATGG,0.717080715781458,0.6,71.4500914562201
AAGTGCCAGACCATATAAGT,TGG,AAGTGCCAGACCATATAAGTT,0.497824742268041,0.4,61.75182386300247
GATTGCTCAAAGAACTCCAG,GGG,GATTGCTCAAAGAACTCCAGG,0.935491038364686,0.45,61.02898285028692
GAAGTTGACACCCCACAACA,AGG,GAAGTTGACACCCCACAACAA,0.812590610014497,0.5,65.94576803578622
GAGAGGCGCCATGTGATCGG,GGG,GAGAGGCGCCATGTGATCGGG,0.935285829307568,0.65,72.05693676469315
ACTGGAAGATATCTTCAGTT,CGG,ACTGGAAGATATCTTCAGTTC,0.437749094202898,0.35,57.86735806685772
GCCCTGACACGTGGTACTGG,AGG,GCCCTGACACGTGGTACTGGA,1.0,0.65,72.88827018593423
GCTGATTCAGGACTGAAACG,TGG,GCTGATTCAGGACTGAAACGT,0.950013523260007,0.5,63.40632522202225
GTAGTCCAGCATTACCTGCT,AGG,GTAGTCCAGCATTACCTGCTA,0.765018629113597,0.5,66.71996187273493
GAGGCACTGTTCCATCGGGT,CGG,GAGGCACTGTTCCATCGGGTC,0.858255600733476,0.6,71.46738029788537
ATAGCACGGAGGAGATCAAG,GGG,ATAGCACGGAGGAGATCAAGG,0.945230607966457,0.5,65.17266552027206
GAGCGACATTAAATGACTCT,TGG,GAGCGACATTAAATGACTCTT,0.317568276087057,0.4,59.00456742389218
AGGGTTCCTCTGCTGTTCCT,AGG,AGGGTTCCTCTGCTGTTCCTA,0.517252930974209,0.55,70.49281315712221
GCAGGTAGTCGGTCCCCAAG,AGG,GCAGGTAGTCGGTCCCCAAGA,0.933333333333333,0.65,73.06128706598793
GCTGTACAAGAAAATCATTA,AGG,GCTGTACAAGAAAATCATTAA,0.189241237343864,0.3,53.270915866631356
ACAGCAACATAAAAGCAAGC,AGG,ACAGCAACATAAAAGCAAGCA,0.496388056506849,0.4,60.116739501056486
GGTGTGTTACGATGACGGTC,TGG,GGTGTGTTACGATGACGGTCT,0.889879619464018,0.55,66.32413701604509
GCCAACTTCTACAAGGACTC,CGG,GCCAACTTCTACAAGGACTCC,0.524291848193642,0.5,64.78439110888104
GAGAAGTTCCGCGAGGACGA,GGG,GAGAAGTTCCGCGAGGACGAG,0.882009925558312,0.6,69.48771302196639
GTATAACAGAGTGTCCGTGG,TGG,GTATAACAGAGTGTCCGTGGT,0.92035742035742,0.5,63.81948243432936
GTTGGCCAGGATTATTAATG,GGG,GTTGGCCAGGATTATTAATGG,0.605297552457092,0.4,58.77416316333694
AGTGGGGAGATCAAAAATGA,AGG,AGTGGGGAGATCAAAAATGAA,0.590922619047619,0.4,61.328678696772386
AACAAACTGTACCAGCTGGA,TGG,AACAAACTGTACCAGCTGGAT,0.573910256410256,0.45,64.49054710328181
ATGGAGGCATCGTACCGCTC,AGG,ATGGAGGCATCGTACCGCTCA,0.773989460008417,0.6,71.19258545643851
GCACATCGAGTCCAAGCAAG,TGG,GCACATCGAGTCCAAGCAAGT,0.767379497177406,0.55,66.64960186886498
ACCGGTCCAGAGTCCAATGA,GGG,ACCGGTCCAGAGTCCAATGAG,0.900634667041205,0.55,69.56703421221812
ACTTGCACAAGTATCTCGAG,GGG,ACTTGCACAAGTATCTCGAGG,0.940290088638195,0.45,61.655379138284616
AGAAGTACATGGGGGAACCA,AGG,AGAAGTACATGGGGGAACCAA,0.827235150332888,0.5,67.88147074961375
ATGACAAACTGACATCTTGT,GGG,ATGACAAACTGACATCTTGTG,0.322890647411543,0.35,57.724089885415594
GTATGTGATTGGCATCGGAG,TGG,GTATGTGATTGGCATCGGAGT,0.887293489308276,0.5,64.0606490338709
AGTCAAGCATCTGACATGAT,GGG,AGTCAAGCATCTGACATGATG,0.567083221954914,0.4,61.19480006063844
AGGACTCTTTCATGACCAGG,AGG,AGGACTCTTTCATGACCAGGA,0.887320414300033,0.5,65.55973474923258
GCTCAGCCTGCACCCCGACG,TGG,GCTCAGCCTGCACCCCGACGT,0.833750019608765,0.75,77.8395091187947
GTTCAAACTTACCCTCTTTG,AGG,GTTCAAACTTACCCTCTTTGA,0.475297438999798,0.4,57.75891957039249
AAGATAAAGAGCGGAGAGCG,CGG,AAGATAAAGAGCGGAGAGCGC,0.872477804681194,0.5,64.33544211758704
GCCTTCATTTACGAGAAACG,GGG,GCCTTCATTTACGAGAAACGG,0.922566153612859,0.45,59.610583450255945
AGACAGATTTGATGGTCACC,GGG,AGACAGATTTGATGGTCACCG,0.541023648672954,0.45,62.95194868957651
GGTCTATGACCAGAGCACGC,GGG,GGTCTATGACCAGAGCACGCG,0.847587646629995,0.6,70.22592156109073
AGATGGCATATGTAATTCAT,CGG,AGATGGCATATGTAATTCATC,0.433877041950966,0.3,55.368989568478355
GACTGCCCTACGGTGGACCG,CGG,GACTGCCCTACGGTGGACCGC,0.834020760294218,0.7,75.1733898083611
AGAGAACCCAGTAATATCCA,GGG,AGAGAACCCAGTAATATCCAG,0.975214198286413,0.4,61.65619376647129
GGATGAAAATTGGTACCATG,GGG,GGATGAAAATTGGTACCATGG,0.928243516393161,0.4,58.49598987041793
ATGGGTCTGAAATAATGCAC,TGG,ATGGGTCTGAAATAATGCACT,0.854406983246008,0.4,60.365535190836056
ACCTAATAGGATGTAAACTT,CGG,ACCTAATAGGATGTAAACTTC,0.241347289684553,0.3,54.7716141174061
AGGTCACTAAACTTGTATTG,GGG,AGGTCACTAAACTTGTATTGG,0.462302504816955,0.35,55.958464982499606
ATCCACTGCGATCACGCACA,GGG,ATCCACTGCGATCACGCACAG,0.955075701166542,0.55,68.96611288435872
ACCAGTTAAAGACCCTGCAG,AGG,ACCAGTTAAAGACCCTGCAGA,0.907976503525779,0.5,66.00150250662023
GAGAGCCCCTCTGCGGCGCG,GGG,GAGAGCCCCTCTGCGGCGCGG,0.909620682748377,0.8,80.10445190190376
ACAGGAACATTCCAACTATG,GGG,ACAGGAACATTCCAACTATGG,0.558823529411764,0.4,59.55772918588059
AAAATCCCCCCCAGCCAATG,GGG,AAAATCCCCCCCAGCCAATGG,0.414504716981132,0.55,69.81783439618209
ATAGAGATCACCATCAACTG,TGG,ATAGAGATCACCATCAACTGT,0.94064312177835,0.4,59.51176846192914
AAACAGTCCAGTATCCAAGG,TGG,AAACAGTCCAGTATCCAAGGT,0.795140186915887,0.45,62.768714086290004
ACTGTTCCAGAAATGTATCG,AGG,ACTGTTCCAGAAATGTATCGA,0.621040179077411,0.4,58.55349562495985
AAACAAAGGACTGTATTGGG,TGG,AAACAAAGGACTGTATTGGGT,0.746357012750455,0.4,59.543016255944906
AAAGAGTACAAGTCGGACAC,AGG,AAAGAGTACAAGTCGGACACA,0.743219666931007,0.45,61.952541261064766
GATATCGGGTCAGAGAGCCA,AGG,GATATCGGGTCAGAGAGCCAA,0.852702702702702,0.55,68.5454374225418
GCTTCATCCTGCGTGATTTC,AGG,GCTTCATCCTGCGTGATTTCA,0.0737415818540352,0.5,64.14738191079607
GGAGACCCCAACTCTGATCA,GGG,GGAGACCCCAACTCTGATCAG,0.837003270462792,0.55,68.85913614298028
ACTTGGTCAACATATCTGGA,GGG,ACTTGGTCAACATATCTGGAG,0.948464912280701,0.4,61.38736222899223
GGATTAATATGATCATCCCC,AGG,GGATTAATATGATCATCCCCA,0.852754413590915,0.4,59.5062112423837
GCTGTGCAGTGTGCAGTAAG,CGG,GCTGTGCAGTGTGCAGTAAGC,0.928031274032299,0.55,67.59450165469224
AGCCGCGGAGCCCTGTACAC,AGG,AGCCGCGGAGCCCTGTACACA,0.737778057056679,0.7,77.13161597205522
GAACGCTACATAAACTTGGG,TGG,GAACGCTACATAAACTTGGGT,0.822170164917541,0.45,60.81649152526671
GACAGGTGTGTGGATATCAT,GGG,GACAGGTGTGTGGATATCATG,0.503795881017205,0.45,63.30242968494889
AGCCATAATTGCTGGTCTGT,TGG,AGCCATAATTGCTGGTCTGTT,0.139871715290709,0.45,64.95808936539044
ATCACCACCATTCGCACTCG,GGG,ATCACCACCATTCGCACTCGG,0.749727470930232,0.55,67.36671848891638
AATAGAACGTCTGTCCTCAC,CGG,AATAGAACGTCTGTCCTCACC,0.57779285983396,0.45,62.05281897077208
AGGCTCGGTCTCTGTCTCCG,AGG,AGGCTCGGTCTCTGTCTCCGA,0.91396327317054,0.65,72.84313045419032
GGGAGTATGTCGTAACGCTG,AGG,GGGAGTATGTCGTAACGCTGA,0.962068160597572,0.55,66.36339457146232
GCCTCAACAACGCGCCCCGG,GGG,GCCTCAACAACGCGCCCCGGG,0.900731219276945,0.75,77.74558147951745
ACCCTGTTGAATTACATAGA,TGG,ACCCTGTTGAATTACATAGAT,0.683554841536439,0.35,58.29397911797605
GCAGCACCTCCACTCACGGG,CGG,GCAGCACCTCCACTCACGGGC,0.930327044810061,0.7,75.49272770182284
GGAACGCTGGCCGGGGCGGG,AGG,GGAACGCTGGCCGGGGCGGGA,0.507207845917523,0.85,83.52226801625011
GTTGCTCATGTCTTGCCATG,TGG,GTTGCTCATGTCTTGCCATGT,0.622058018609742,0.5,64.55561211562406
GAGTCCATGCCGCTGCGTGA,GGG,GAGTCCATGCCGCTGCGTGAG,0.653347280334728,0.65,73.51843020539775
ACACTGGAAGAACCTCAACC,TGG,ACACTGGAAGAACCTCAACCT,0.886752136752136,0.5,65.90831319480156
GCGCGTCGACGACTTCGAGG,CGG,GCGCGTCGACGACTTCGAGGC,0.893870777795621,0.7,72.42143150055335
ACATAGTGAATATTGATCCG,GGG,ACATAGTGAATATTGATCCGG,0.860728524827836,0.35,55.65089122353868
GGTGGCTGAGGTCCGAATCG,GGG,GGTGGCTGAGGTCCGAATCGG,0.830485287455728,0.65,71.96479240802614
AAAAGCTTTCGGACTGCTGA,AGG,AAAAGCTTTCGGACTGCTGAA,0.126851851851851,0.45,63.4898769700269
GTGTATGTGCCCTACACCCA,GGG,GTGTATGTGCCCTACACCCAG,0.947199507113252,0.55,69.80433004000821
GGACTCGTCTGTATTCTCAG,TGG,GGACTCGTCTGTATTCTCAGT,0.944866652394848,0.5,63.324074479907665
GTCCCTCCTTCTGTCCCCAC,AGG,GTCCCTCCTTCTGTCCCCACA,0.870930791117023,0.65,73.49613469866551
ATCCACGGATTCCGATACAC,AGG,ATCCACGGATTCCGATACACA,0.537541528239202,0.5,65.00625023754208
GGGCCACACAGCCACAGTCC,TGG,GGGCCACACAGCCACAGTCCT,0.628212574415565,0.7,76.57407356704374
GTTGTCTATAAATCAGCCCT,GGG,GTTGTCTATAAATCAGCCCTG,0.701752326474857,0.4,60.30613719499627
GAAAGTTCAATATTGGGCAT,TGG,GAAAGTTCAATATTGGGCATT,0.880247201492537,0.35,56.99425424498418
GACATCCCCACAGTGAACGA,GGG,GACATCCCCACAGTGAACGAG,0.895626272528466,0.55,68.12388503760263
AGGCACAACAGTTCCAACAA,TGG,AGGCACAACAGTTCCAACAAT,0.899919678714859,0.45,64.33586293810157
AGGTCTTAATGTACCAACAA,AGG,AGGTCTTAATGTACCAACAAA,0.906646952629128,0.35,58.14359181251717
GCCATTGATCTCTTACGTAG,GGG,GCCATTGATCTCTTACGTAGG,0.725,0.45,60.739091099488974
AGCTACATGTATCAGACAGT,GGG,AGCTACATGTATCAGACAGTG,0.709546353872244,0.4,61.40865658792575
GAAGTACATACCTAACGGCC,TGG,GAAGTACATACCTAACGGCCT,0.872662326199599,0.5,64.82810529691528
AAGAGTCAGACCGCTAGCTG,AGG,AAGAGTCAGACCGCTAGCTGA,0.939349593495934,0.55,68.01306363539902
GCCCATGGAGATCACAGAGC,AGG,GCCCATGGAGATCACAGAGCA,0.680705723351745,0.6,70.82847148411423
GACTACGCCTCTGCCTTTCA,AGG,GACTACGCCTCTGCCTTTCAA,0.427521967816127,0.55,68.52560928237307
AGTTCTGAGCAGAGCCTTAA,AGG,AGTTCTGAGCAGAGCCTTAAA,0.259156838326862,0.45,64.37218874927356
GCAGGTGTGAGGATTCGTGG,TGG,GCAGGTGTGAGGATTCGTGGT,0.937550455541459,0.6,69.66496856042289
GAGACCCCTCTGGTACCAGG,TGG,GAGACCCCTCTGGTACCAGGT,0.956756756756756,0.65,73.48661281925115
ATTACCACATCGCTCCCAGA,TGG,ATTACCACATCGCTCCCAGAT,0.301136363636363,0.5,67.09541180659414
GAGCATAGAACAGACCTGAT,GGG,GAGCATAGAACAGACCTGATG,0.495228866740494,0.45,63.10188856113297
GATCACTGAAGCTTTCGGAG,TGG,GATCACTGAAGCTTTCGGAGT,0.908290527354702,0.5,63.342625328694
GGCCAGTGGTTTCTCAACCA,GGG,GGCCAGTGGTTTCTCAACCAG,0.887200535615521,0.55,69.2083374983319
GCGTCGGCGCTCCACCACTT,CGG,GCGTCGGCGCTCCACCACTTC,0.309384941675503,0.7,76.04809328338695
GTATGTCTCCATGCAACATT,TGG,GTATGTCTCCATGCAACATTT,0.245876749504192,0.4,60.24151271027921
GGCAGAGAGCCCCAACCACG,TGG,GGCAGAGAGCCCCAACCACGT,0.912397216951296,0.7,75.75953743734993
GAACCGTCGTCCTGAGATTG,TGG,GAACCGTCGTCCTGAGATTGT,0.81152466802365,0.55,65.63349882299974
GTATAATCTCTCCTACCACC,TGG,GTATAATCTCTCCTACCACCT,0.653199128848078,0.45,62.26111587655629
AGACGAAGGTGTCTGAAGGT,GGG,AGACGAAGGTGTCTGAAGGTG,0.912337662337662,0.5,66.28205270024097
GTCCACCGTGTCGGGCACGT,AGG,GTCCACCGTGTCGGGCACGTA,0.853571428571428,0.7,75.68052451276174
GAGGGAGGAGAGCGCCAGCG,AGG,GAGGGAGGAGAGCGCCAGCGA,0.874175611017716,0.75,77.68617925762203
GGTCGAATTCCTCGCCGAGA,AGG,GGTCGAATTCCTCGCCGAGAA,0.332238020010531,0.6,69.77827541284063
GTGGCCTCCAGAATCGCCGA,GGG,GTGGCCTCCAGAATCGCCGAG,0.947117125505654,0.65,73.65145699257118
GTCTTCGCTCAAGACATGTG,TGG,GTCTTCGCTCAAGACATGTGT,0.916417050691244,0.5,63.25438053366196
AACTACTGTGGCAATACAGG,TGG,AACTACTGTGGCAATACAGGT,0.910498944829665,0.45,63.05557118070038
GCGATGAGATCAAACAGCTG,GGG,GCGATGAGATCAAACAGCTGG,0.92156862745098,0.5,63.561921601360325
GCTGCTGAGGTGTCTACCTG,CGG,GCTGCTGAGGTGTCTACCTGC,0.920008442380751,0.6,70.47254379821845
GCCGCCAAAAGTTGGTTACG,GGG,GCCGCCAAAAGTTGGTTACGG,0.634109972041006,0.55,66.6146448695614
GTTTGTTGCTCTCCAGAGGG,TGG,GTTTGTTGCTCTCCAGAGGGT,0.616231224917374,0.55,67.36291241723518
AGATGATATTTCGAACTCCA,GGG,AGATGATATTTCGAACTCCAG,0.74520208870202,0.35,57.2738554560367
AGAACTCTGTGGATACTCAT,GGG,AGAACTCTGTGGATACTCATG,0.702116095910888,0.4,61.14949128871763
AGTTGATGATGGACAACCAA,TGG,AGTTGATGATGGACAACCAAT,0.989225959100895,0.4,61.25811691525365
GTATCCATTTGTGTTGGGAC,TGG,GTATCCATTTGTGTTGGGACT,0.869966971349566,0.45,62.04977533316219
GACCCATAGCGGGAGTACAC,AGG,GACCCATAGCGGGAGTACACA,0.494914470642626,0.6,70.67921353500822
AAGAAGCGCCCGAAGCCTGG,AGG,AAGAAGCGCCCGAAGCCTGGA,0.976190476190476,0.65,73.90593668072671
GCTGGTGAAACACACGCAGG,AGG,GCTGGTGAAACACACGCAGGA,0.826393827979024,0.6,69.75437802270346
GTCACGGAGTACATGAGCAA,GGG,GTCACGGAGTACATGAGCAAG,0.925568181818181,0.5,65.33308533768201
GCAGATGAAGGCCAGTGAGC,TGG,GCAGATGAAGGCCAGTGAGCT,0.426632831116197,0.6,70.86362883513607
ATGTTCTTGTGGGTGTCACG,GGG,ATGTTCTTGTGGGTGTCACGG,0.834344759717894,0.5,64.83001221443527
GCCATCTGGACATCCTCAGC,CGG,GCCATCTGGACATCCTCAGCC,0.438753879103107,0.6,70.82847148411435
AGATGGAGAAATTGTGCAGC,TGG,AGATGGAGAAATTGTGCAGCT,0.125987522462957,0.45,63.18296796284585
GGTGATGAGTCACAGGGCTC,AGG,GGTGATGAGTCACAGGGCTCA,0.499395432154052,0.6,70.51353268833782
GCTCGACTACGTGTACGGAG,CGG,GCTCGACTACGTGTACGGAGC,0.787010159651669,0.6,68.29310427690933
GTGGTCAGTCTGCTTCACGA,AGG,GTGGTCAGTCTGCTTCACGAA,0.895877178954102,0.55,67.86110886810985
AGAGACAGGTACCTTGCAAG,GGG,AGAGACAGGTACCTTGCAAGG,0.926654164122544,0.5,65.75014263814353
ATGTCAGAGATTATGATCAC,AGG,ATGTCAGAGATTATGATCACA,0.645059974747474,0.35,56.78906314147355
GCTGAGCGATTTCTTCGAGG,TGG,GCTGAGCGATTTCTTCGAGGT,0.738879811183732,0.55,65.84538120238824
GGGTTGTAGTCACACCAGAG,AGG,GGGTTGTAGTCACACCAGAGA,0.920825524454386,0.55,67.38869706454932
GCTCAAGAACCATATTGACA,GGG,GCTCAAGAACCATATTGACAG,0.566718995290423,0.4,60.05924898668724
GAGGAAACCTGACTTTAGCA,AGG,GAGGAAACCTGACTTTAGCAA,0.554496921518198,0.45,63.030518878612156
AGGCTCGCATACCGAGACTG,AGG,AGGCTCGCATACCGAGACTGA,0.941560412871888,0.6,70.55846647570905
GGGGAGAATCAGGCCAACGA,TGG,GGGGAGAATCAGGCCAACGAT,0.923131651498532,0.6,71.51574099732835
GAAGTTGGCCATTATGCACG,CGG,GAAGTTGGCCATTATGCACGC,0.661463693539165,0.5,64.22753061399476
AGTCTGTGTCGACGATCCAG,TGG,AGTCTGTGTCGACGATCCAGT,0.877310924369747,0.55,66.72902289405027
GCTACGACTGCTAGACAAGA,CGG,GCTACGACTGCTAGACAAGAC,0.558255367840075,0.5,65.38322613699751
ACAGATATTGATTATGTACA,TGG,ACAGATATTGATTATGTACAT,0.526606425702811,0.25,51.6283954035153
GCCCGACGCTCGAAGTGCAG,CGG,GCCCGACGCTCGAAGTGCAGC,0.763553311044763,0.7,74.18662677468404
GGGTACTGGGCTGTACACGG,AGG,GGGTACTGGGCTGTACACGGA,0.924216244824258,0.65,73.42707528129864
GCCTCATAATAGCCTCATTG,AGG,GCCTCATAATAGCCTCATTGA,0.802253302253302,0.45,62.040542870638035
GCTTCTTGTGCCATGACCAG,AGG,GCTTCTTGTGCCATGACCAGA,0.797798895386614,0.55,67.55672656517902
ATTTATCTGCTGGGACGCTA,AGG,ATTTATCTGCTGGGACGCTAA,0.140202448604379,0.45,64.31698504228967
AGTCGATGAGCTTGATTCGT,GGG,AGTCGATGAGCTTGATTCGTG,0.308890902995915,0.45,62.593770616544305
ACTGTTGTTCAAAGAAATAG,AGG,ACTGTTGTTCAAAGAAATAGA,0.55752654262588,0.3,52.0935547622521
GAACTGACAGAATGTTACGC,AGG,GAACTGACAGAATGTTACGCA,0.614556235104947,0.45,60.78810005783333
AACAAACTAGCCCTCAAGAC,GGG,AACAAACTAGCCCTCAAGACG,0.833333333333333,0.45,63.0795170224377
GCAGGAACACGGTTCAGATT,CGG,GCAGGAACACGGTTCAGATTC,0.338496006234171,0.5,65.36648842429952
AAGGTTTCAGGGCAAGAGAA,AGG,AAGGTTTCAGGGCAAGAGAAA,0.79298245614035,0.45,64.36989977669907
GATATTCTGAGAACGCCGTG,AGG,GATATTCTGAGAACGCCGTGA,0.941504576659038,0.5,62.96785406289018
AGTCGCTGGAGATTATCTCT,CGG,AGTCGCTGGAGATTATCTCTC,0.317635481158755,0.45,63.6262576125917
ATACCAGCCTCTCTTTGACA,AGG,ATACCAGCCTCTCTTTGACAA,0.390997259118701,0.45,64.49549513002921
AACACTCCACCATATAGACC,CGG,AACACTCCACCATATAGACCC,0.735488567650685,0.45,63.51866159809788
AGAGCCTTTCTAGTGATTCT,TGG,AGAGCCTTTCTAGTGATTCTT,0.344599921166732,0.4,61.111527341652504
GCTGCAAAGTTCCCAGCAGG,TGG,GCTGCAAAGTTCCCAGCAGGT,0.715857363399073,0.6,70.82881192580743
ACAGTCTGAATTAGACGTAG,AGG,ACAGTCTGAATTAGACGTAGA,0.853868618535359,0.4,58.351330298603955
AGAATACCTACCTCAGTCTG,TGG,AGAATACCTACCTCAGTCTGT,0.847301951779563,0.45,62.69686574213142
GTGGTCATACCGTATTGCAT,CGG,GTGGTCATACCGTATTGCATC,0.784711528590493,0.45,63.00322414385647
GGACATGCGCCTGTGGCACG,TGG,GGACATGCGCCTGTGGCACGT,0.893458268263057,0.7,75.13892524935875
ATAGACTTATTCAGCTTGAG,TGG,ATAGACTTATTCAGCTTGAGT,0.782872868259089,0.35,56.06593775795875
ACTATAGGATAATCCGACTG,TGG,ACTATAGGATAATCCGACTGT,0.901666454447061,0.4,59.09832838834575
GCACGCACCTGGTAGAAAGC,CGG,GCACGCACCTGGTAGAAAGCC,0.59927509620144,0.6,70.54746624854295
GAGGCCACCTCGATTCTCGG,AGG,GAGGCCACCTCGATTCTCGGA,0.959523338118101,0.65,71.89352051550242
GGGACAGCCTCATCTAGACA,CGG,GGGACAGCCTCATCTAGACAC,0.966947115384615,0.55,69.1325910922111
GCACATCCTCGCTGACGCGG,TGG,GCACATCCTCGCTGACGCGGT,0.833879781420765,0.7,74.22104196361192
GAACCAGAACCATTATTTGG,TGG,GAACCAGAACCATTATTTGGT,0.64863725490196,0.4,58.288617774229294
AGACACGTCGCCGATGTGCG,AGG,AGACACGTCGCCGATGTGCGA,0.767666157372039,0.65,71.72881378367208
ACACATACTTATCTCTCAGG,TGG,ACACATACTTATCTCTCAGGT,0.531043011181048,0.4,59.4982748104992
GACGCAAATCAATTTCACAG,TGG,GACGCAAATCAATTTCACAGT,0.657976730553573,0.4,57.06227142778647
GCCAGGTGACAAAAACCAGG,AGG,GCCAGGTGACAAAAACCAGGA,0.753267753672011,0.55,67.69524863089185
AGCTGTGAGCTCAAGGTGGC,TGG,AGCTGTGAGCTCAAGGTGGCT,0.512442373357244,0.6,72.1140083302011
ATGCCTTCACTGTGTCTCTC,TGG,ATGCCTTCACTGTGTCTCTCT,0.346930327777498,0.5,65.80377093270891
GAGTAGAAGTACCACAGCAG,CGG,GAGTAGAAGTACCACAGCAGC,0.892584647076961,0.5,64.41289638448376
AGAGCGTTGCGGATAATGCA,CGG,AGAGCGTTGCGGATAATGCAC,0.909868421052631,0.5,66.53831036986344
ACCACACAATCAAAGCGGAA,AGG,ACCACACAATCAAAGCGGAAA,0.456309317277273,0.45,63.691162420024455
AGGCCCAGGCGATGACTACG,GGG,AGGCCCAGGCGATGACTACGG,0.896544665520347,0.65,73.8647029303566
GAGTTCTCGTCAACAGCACA,AGG,GAGTTCTCGTCAACAGCACAA,0.867823639774859,0.5,64.82149820752261
GCATGTTCTTCAGATGGACA,AGG,GCATGTTCTTCAGATGGACAA,0.669241528387055,0.45,62.97730549884824
AGGCCGTCCCCTCACCTGGG,TGG,AGGCCGTCCCCTCACCTGGGT,0.848407735931365,0.75,79.96594936131828
ACTTACTCAGATCTTGACAT,CGG,ACTTACTCAGATCTTGACATC,0.355418719211822,0.35,57.76904244116918
AGAAGAAGGCTAACCTCGAA,AGG,AGAAGAAGGCTAACCTCGAAA,0.631923331130204,0.45,63.56296816037025
ACTGGGACACATAGGTGGTG,CGG,ACTGGGACACATAGGTGGTGC,0.778790390543567,0.55,69.03112049589396
AAAAGAGTAATTGGTTTGGA,AGG,AAAAGAGTAATTGGTTTGGAA,0.396562749800159,0.3,54.446699147012
GGGGCTGGTTGACTCCACTG,AGG,GGGGCTGGTTGACTCCACTGA,0.945233737180046,0.65,73.38695442900325
GATCCTACAGAAATACGCAC,GGG,GATCCTACAGAAATACGCACG,0.763616455170922,0.45,61.2221317395892
GGGAATGCTACCAAAGCCTC,AGG,GGGAATGCTACCAAAGCCTCA,0.811885331659343,0.55,68.51084550849077
GCGTCCCGAAGATGACTCTG,GGG,GCGTCCCGAAGATGACTCTGG,0.842128953771289,0.6,68.715752072091
AAACGAAAATGATGGCTACG,TGG,AAACGAAAATGATGGCTACGT,0.180738771481132,0.4,57.85068996122993
GGAGACAGCAGAATCAGATG,GGG,GGAGACAGCAGAATCAGATGG,0.933925119908368,0.5,64.1903518397155
GCGATGTGGACAATGATGGT,GGG,GCGATGTGGACAATGATGGTG,0.952777777777777,0.5,65.61344054412274
AAGCCATCCTGGCATATGGA,AGG,AAGCCATCCTGGCATATGGAA,0.708866155157715,0.5,68.32787195836875
GTGGATGGATTCAGTACCGA,AGG,GTGGATGGATTCAGTACCGAA,0.931841371335283,0.5,65.54562542150609
AATGCTTACCTATCTTGACT,CGG,AATGCTTACCTATCTTGACTC,0.372311314751177,0.35,58.19203156854559
AGTCCTGCTCGATCAGGTGT,CGG,AGTCCTGCTCGATCAGGTGTC,0.798286048172433,0.55,69.46706383752098
AGTGTAGAACTGCTGTCGAG,TGG,AGTGTAGAACTGCTGTCGAGT,0.788624867323456,0.5,64.6337583428828
ATTTAGATGATGCTGTAAAT,GGG,ATTTAGATGATGCTGTAAATG,0.0598605941957274,0.25,51.359521865889064
GGGCCTCGAGGGTGCGCGTG,AGG,GGGCCTCGAGGGTGCGCGTGA,0.865540286144578,0.8,80.12359052030223
GAGCTCTCCGAGAAGCAATG,AGG,GAGCTCTCCGAGAAGCAATGA,0.921101949025487,0.55,66.51634100867466
GGCACGGATCCTGACCCACG,AGG,GGCACGGATCCTGACCCACGA,0.987908496732026,0.7,74.90052391149106
GACCTCTTTCGAGCTCCTCC,AGG,GACCTCTTTCGAGCTCCTCCA,0.282069217435071,0.6,69.72399278716813
ACCACCACCTACCTGGACAA,CGG,ACCACCACCTACCTGGACAAC,0.897751155947877,0.55,70.70073310346476
GATTTCACAGAATTCCACGT,AGG,GATTTCACAGAATTCCACGTA,0.647142403075549,0.4,58.89561402888171
GTACGAGAGGGCCTCCAAAG,TGG,GTACGAGAGGGCCTCCAAAGT,0.835135487232933,0.6,69.99310824071483
GTTCATATACCTTAGACAGT,GGG,GTTCATATACCTTAGACAGTG,0.725882352941176,0.35,56.79726218844593
AGTTTGCAAAAGAATTACAG,AGG,AGTTTGCAAAAGAATTACAGA,0.847549019607843,0.3,52.157825841443014
GTTGATGAACAATCATCAGC,TGG,GTTGATGAACAATCATCAGCT,0.284550884369457,0.4,58.56504589035592
AATAGGTCAAAAGCATAGAC,AGG,AATAGGTCAAAAGCATAGACA,0.700151821862348,0.35,56.77572830081613
ATTCTTCACACTGGTAGCAC,TGG,ATTCTTCACACTGGTAGCACT,0.505370283996683,0.45,63.07904166873823
AAAATTATTGTAGTATGTGT,GGG,AAAATTATTGTAGTATGTGTG,0.415272384650525,0.2,47.2372610592912
AGGATACATCCCTTCCTCAG,AGG,AGGATACATCCCTTCCTCAGA,0.85904506949283,0.5,66.02113762198286
GTAATTCAGAGGGCGACAGA,TGG,GTAATTCAGAGGGCGACAGAT,0.745442546583851,0.5,65.43964719992181
GGGTCACGCTCTTGCGCACG,GGG,GGGTCACGCTCTTGCGCACGG,0.703686715211283,0.7,74.26099796725674
AAGGATAAAACTGCATACAG,CGG,AAGGATAAAACTGCATACAGC,0.963768115942029,0.35,56.26796319397158
ACAGCTCCTTGGAATACGGA,TGG,ACAGCTCCTTGGAATACGGAT,0.992753623188405,0.5,66.98686685552502
ACCTCATAGCAGCCGACCTG,AGG,ACCTCATAGCAGCCGACCTGA,0.824358974358974,0.6,71.4500914562201
GGACAGCTCAAATAGGGCGT,CGG,GGACAGCTCAAATAGGGCGTC,0.930487013829428,0.55,68.9665564412773
GGAAAAGATACCCCAGTCTG,CGG,GGAAAAGATACCCCAGTCTGC,0.651705932517091,0.5,64.64826784715586
AAAATCTGATCACTACTGGG,TGG,AAAATCTGATCACTACTGGGT,0.633518293740246,0.4,59.49635768580117
AGTTGGTGCCCCTCGCACTG,GGG,AGTTGGTGCCCCTCGCACTGG,0.810277529403672,0.65,74.21378905285411
GGAGACACCATTGACTCGAG,AGG,GGAGACACCATTGACTCGAGA,0.918779886972902,0.55,66.29679935193184
ACAGCTTGGAGTAGCGAAGC,AGG,ACAGCTTGGAGTAGCGAAGCA,0.808941459502806,0.55,68.69212337336978
GCCTTCTTCACTAAGTGCCG,AGG,GCCTTCTTCACTAAGTGCCGA,0.854150549747397,0.55,66.96709299711597
GATCAATGACATTTCACACA,CGG,GATCAATGACATTTCACACAC,0.306701737081483,0.35,56.64975045451331
ATGTTGTACATGGCCAAGCT,GGG,ATGTTGTACATGGCCAAGCTG,0.835952046078628,0.45,65.02556930589355
GACAGACGGAACGAGTCCTG,GGG,GACAGACGGAACGAGTCCTGG,0.922436929683306,0.6,68.39897616532801
GGTGATGATACACGAACTTG,GGG,GGTGATGATACACGAACTTGG,0.851608187134502,0.45,60.48402496937018
AGTTCTGCCTTCTGGCCTCT,TGG,AGTTCTGCCTTCTGGCCTCTT,0.130694555264257,0.55,70.52553562403244
GGAATGTAACGTTGGTTGGT,TGG,GGAATGTAACGTTGGTTGGTT,0.528964574828755,0.45,62.53482070767285
GTTGGCGATTAGTGCTGGAC,TGG,GTTGGCGATTAGTGCTGGACT,0.541885484546035,0.55,67.46551267210157
ACCCAGGAGCCAACACGACA,TGG,ACCCAGGAGCCAACACGACAT,0.840397098129056,0.6,72.60647493463057
GCCAGAAGACATGAGCCCTT,TGG,GCCAGAAGACATGAGCCCTTT,0.433469133694784,0.55,69.3297234835602
AGCAGCCTCCTCCGCCAGCA,GGG,AGCAGCCTCCTCCGCCAGCAG,0.898001962358398,0.7,78.6338591096025
GGTGGAGGTACACTTCCGAG,GGG,GGTGGAGGTACACTTCCGAGG,0.978557504873294,0.6,69.74433152177284
ATGACGTTAGCATCATAGGA,AGG,ATGACGTTAGCATCATAGGAA,0.820309934992448,0.4,60.91751628489385
AGCACCTCAGCACCATACCC,AGG,AGCACCTCAGCACCATACCCA,0.797639397639397,0.6,72.64807159768452
ACGATCATGTCTGAATACTT,GGG,ACGATCATGTCTGAATACTTG,0.244522882181109,0.35,57.13091627674288
GCTGTGAGCTCAAGGTGGCT,GGG,GCTGTGAGCTCAAGGTGGCTG,0.561136348051697,0.6,72.1140083302011
AACCGCCTACGAGACACTCA,AGG,AACCGCCTACGAGACACTCAA,0.652136752136752,0.55,68.94779984965089
GAGCCCAAGTACATATACAC,AGG,GAGCCCAAGTACATATACACA,0.889969706751421,0.45,62.39650819235004
AGCTATTCTGAAAAACCCAG,AGG,AGCTATTCTGAAAAACCCAGA,0.923046100350438,0.4,59.477798057476946
ATCCACAACCATAAGGGGAG,AGG,ATCCACAACCATAAGGGGAGA,0.949786090390522,0.5,66.33988366768074
GTCATGGCGATAAAACACAT,GGG,GTCATGGCGATAAAACACATG,0.543876946840005,0.4,59.43556425191713
ACCGATATGACCATCACCAG,AGG,ACCGATATGACCATCACCAGA,0.862181996086105,0.5,65.34985811849003
GAGTTCAGGCAAGTTATCCA,GGG,GAGTTCAGGCAAGTTATCCAG,0.962458471760797,0.45,63.18134772008739
ATATGTGACATCTTAGTGTG,TGG,ATATGTGACATCTTAGTGTGT,0.847291518175338,0.35,56.28987703783548
AGAAAGTGGATGTCACCAGC,AGG,AGAAAGTGGATGTCACCAGCA,0.759039752194114,0.5,66.04496333707465
ACAAAAGGTCCTCTACAAGC,GGG,ACAAAAGGTCCTCTACAAGCG,0.452694724814321,0.45,63.07951702243764
AACGTGCCCGAGAACTCGCG,CGG,AACGTGCCCGAGAACTCGCGC,0.92181176827025,0.65,71.90755117851927
GAGTGAGGTCGATAACGACG,TGG,GAGTGAGGTCGATAACGACGT,0.920008581514637,0.55,64.93563184280066
GCCCAAGCAGAGCCGCTACG,AGG,GCCCAAGCAGAGCCGCTACGA,0.863003823732213,0.7,75.6639741876927
GCCAAAACCAAAATTACCCG,AGG,GCCAAAACCAAAATTACCCGA,0.873238333855308,0.45,61.02026673450513
GCGGGAAGTACTACTTCCGT,GGG,GCGGGAAGTACTACTTCCGTG,0.620495406206329,0.55,68.17651018864376
AAATGCGCGCAACTCAGAAG,GGG,AAATGCGCGCAACTCAGAAGG,0.838400657827114,0.5,64.32619302276498
GGAGACTCGTGGCGTTCTCA,AGG,GGAGACTCGTGGCGTTCTCAA,0.751601035563428,0.6,70.14607274186619
GCAGGACCCCCTGCAGCACG,CGG,GCAGGACCCCCTGCAGCACGC,0.638152793333907,0.75,78.65569041084933
AACCCGGCCATGATGTAGCG,CGG,AACCCGGCCATGATGTAGCGC,0.81925818533285,0.6,71.23578870208377
AGGCAAGCTTAGTAACCAAA,GGG,AGGCAAGCTTAGTAACCAAAG,0.769264843693136,0.4,61.6572387515464
GCCTTGAGTATTTCTTCATG,GGG,GCCTTGAGTATTTCTTCATGG,0.55396412037037,0.4,58.118193008507205
GAAGATCTGTCAGCGCGCGG,AGG,GAAGATCTGTCAGCGCGCGGA,0.709465832118665,0.65,71.23762231584897
GGCGCAGGAGTGACTCGTTG,CGG,GGCGCAGGAGTGACTCGTTGC,0.88801921931622,0.65,71.78175463524286
ATTGGCTGAGCAGTTAGTGG,TGG,ATTGGCTGAGCAGTTAGTGGT,0.712224571935329,0.5,66.1426021266031
ACAGTCCTACCTCCGAAGGC,GGG,ACAGTCCTACCTCCGAAGGCG,0.834687627603103,0.6,71.60842434691898
ACATAGCAAAGGTATATCGG,CGG,ACATAGCAAAGGTATATCGGC,0.912256908285098,0.4,59.33824029816884
AAGAGAACTACTTCCAGCTG,AGG,AAGAGAACTACTTCCAGCTGA,0.799635202918376,0.45,62.402655847166386
GCTCCACAGAAAAGCCTTTG,GGG,GCTCCACAGAAAAGCCTTTGG,0.55859993120055,0.5,64.45004501996942
GCTGCACGGCCATCACACTG,CGG,GCTGCACGGCCATCACACTGC,0.72936210131332,0.65,72.80425728220547
GACTTGCAGACTGAACCCTG,CGG,GACTTGCAGACTGAACCCTGC,0.94351151056449,0.55,67.17234207293694
GCAGGACCTGAAGCAACAGG,TGG,GCAGGACCTGAAGCAACAGGT,0.945105479804476,0.6,70.49938499899059
ATACTGACTCCATTGACAGA,AGG,ATACTGACTCCATTGACAGAA,0.468565452755905,0.4,61.19425723866152
GAGCATGATTGAGACTCGCG,TGG,GAGCATGATTGAGACTCGCGT,0.857817876043386,0.55,65.78869322934992
GTTGTCAATTATAGTTAGGT,CGG,GTTGTCAATTATAGTTAGGTC,0.502645502645502,0.3,53.23999983070297
ACTTCGTTCAAGTGGATCCA,GGG,ACTTCGTTCAAGTGGATCCAG,0.91211034141514,0.45,63.395961990439446
GGAGACCCTCATCCACACAC,CGG,GGAGACCCTCATCCACACACC,0.901702907022055,0.6,70.48246985191014
GGAGAGGCTTTGTGCGGATA,CGG,GGAGAGGCTTTGTGCGGATAC,0.600940860215053,0.55,68.82249417911976
ATGGGGGTCGTAAAGGCTAA,GGG,ATGGGGGTCGTAAAGGCTAAG,0.670131731622414,0.5,67.70150625227387
GAGGCCCAAGTCCCTAGGTA,AGG,GAGGCCCAAGTCCCTAGGTAA,0.91110440967283,0.6,72.81295071299564
GCTGCTTATATCCGGCCAGG,AGG,GCTGCTTATATCCGGCCAGGA,0.5501998001998,0.6,71.00880526480978
ACAGGCTGGAGAGGAAAACC,AGG,ACAGGCTGGAGAGGAAAACCA,0.79298245614035,0.55,69.21648892976737
GTCACTCGTCAGACCTGCAG,GGG,GTCACTCGTCAGACCTGCAGG,0.866388692608204,0.6,69.1005588920803
ATTTGGAAGCATCCCCATAA,GGG,ATTTGGAAGCATCCCCATAAG,0.124718639612256,0.4,62.039507068392766
ACATTGCTCATTCTAGCAGG,AGG,ACATTGCTCATTCTAGCAGGA,0.909742576780935,0.45,62.94287594209061
AAAATGGCGCCTCACGACCC,GGG,AAAATGGCGCCTCACGACCCG,0.399437016185784,0.6,71.22857669563416
GAGACAGGAACCACATACAA,AGG,GAGACAGGAACCACATACAAA,0.675051892853612,0.45,63.021961050448965
GAGCCGCATCGACGCCTACG,AGG,GAGCCGCATCGACGCCTACGA,0.892880408229737,0.7,73.91421166074161
AAAGAAAAGAAGGACCACTG,TGG,AAAGAAAAGAAGGACCACTGT,0.829580233901534,0.4,58.983176019528116
GTACAAGCAGTGAAAAGGTG,AGG,GTACAAGCAGTGAAAAGGTGA,0.943560175410102,0.45,61.17212699829224
GTGTCTCCATCGATCAGCAG,AGG,GTGTCTCCATCGATCAGCAGA,0.948181537987363,0.55,66.4277430786924
AGTCCTAATCATAGCCAGCA,CGG,AGTCCTAATCATAGCCAGCAC,0.735834152134419,0.45,65.03689103063334
GTGACCCTGGAAATCCAGAG,TGG,GTGACCCTGGAAATCCAGAGT,0.93480587808418,0.55,67.37648145424669
GCTTTGGATAGGATAGCCTC,CGG,GCTTTGGATAGGATAGCCTCC,0.838625489343192,0.5,65.56559157335573
GACTCCTGGGCACATGTCAG,TGG,GACTCCTGGGCACATGTCAGT,0.720001702634827,0.6,70.2524741582393
GCCATCTCTTCCTTCAGGCG,TGG,GCCATCTCTTCCTTCAGGCGT,0.861874737284573,0.6,69.8390023670234
ACAGTGTCTTGCCCTGTCTC,CGG,ACAGTGTCTTGCCCTGTCTCC,0.539678690719325,0.55,68.80275787490876
ACATGACTTACTTTCCTTTG,AGG,ACATGACTTACTTTCCTTTGA,0.297093837535013,0.35,55.80710001033606
GTTGTGCATCGCCTTCCACT,TGG,GTTGTGCATCGCCTTCCACTT,0.495119078627,0.55,68.57254465834512
GAGCAAAGAAGCTCTCGGCG,GGG,GAGCAAAGAAGCTCTCGGCGG,0.952479338842975,0.6,68.95710473475606
AAGTTAGTTCTCCACAACTA,AGG,AAGTTAGTTCTCCACAACTAA,0.689620591676416,0.35,57.76585168685443
AGCCAAAGACGAGTGTAATG,TGG,AGCCAAAGACGAGTGTAATGT,0.601754385964912,0.45,61.86014686275746
AACGATCTGTGTATAGTGAC,AGG,AACGATCTGTGTATAGTGACA,0.596134252322445,0.4,59.07182132422531
ATTCATTTACTGAAGTGACG,TGG,ATTCATTTACTGAAGTGACGT,0.672891136614147,0.35,55.00203047982501
GGCGCGGACTTCAGTCGCCC,GGG,GGCGCGGACTTCAGTCGCCCG,0.935153814880065,0.75,77.54695411773906
AGCATTGTCCCAGAGAACAG,TGG,AGCATTGTCCCAGAGAACAGT,0.877524071765031,0.5,65.6430513649783
GATGTCTGAAGGCATAGGCG,AGG,GATGTCTGAAGGCATAGGCGA,0.819080644236831,0.55,67.11754207692826
AAAATTATTGTAGTGTTTGT,GGG,AAAATTATTGTAGTGTTTGTG,0.0637890238500083,0.2,46.855219048382025
GACGTTCAGGTTGTTCACGT,AGG,GACGTTCAGGTTGTTCACGTA,0.916839398126823,0.5,64.18361865330871
AGTTGCTCTCCTTTGGCGAA,AGG,AGTTGCTCTCCTTTGGCGAAA,0.462962962962962,0.5,66.72466496576703
ATTAATTCCAACCAAATCCC,GGG,ATTAATTCCAACCAAATCCCG,0.671288014311269,0.35,57.09751235780641
GCCTACTACAGGAACTCAGT,AGG,GCCTACTACAGGAACTCAGTA,0.5712763566525,0.5,66.32652900737304
GAGCGCCTCGACGACAGAGC,CGG,GAGCGCCTCGACGACAGAGCC,0.898551296727588,0.7,74.07416755100053
GTATTCACACACTCAACGGG,TGG,GTATTCACACACTCAACGGGT,0.84441384736428,0.5,63.670267585220756
AAGGTCATAGATCGGATGGA,GGG,AAGGTCATAGATCGGATGGAG,0.91537356321839,0.45,63.91984878481486
AGGTCAATAACGGGCCACTG,GGG,AGGTCAATAACGGGCCACTGG,0.955165692007797,0.55,68.63761337857835
AAGGCTACCCCAGAGAGCAA,AGG,AAGGCTACCCCAGAGAGCAAA,0.746449756529437,0.55,70.92365750764935
AGATTGATGTCTCCTACCTG,AGG,AGATTGATGTCTCCTACCTGA,0.968478260869565,0.45,62.6478570378203
GAAGACGAAACTGGACGCCG,CGG,GAAGACGAAACTGGACGCCGC,0.944706670745742,0.6,68.06338503184963
ACTTCATTCGTTAGGAACCA,AGG,ACTTCATTCGTTAGGAACCAA,0.752615031138521,0.4,60.428499292631386
ACTGCAAAGGAACTAGGTAT,CGG,ACTGCAAAGGAACTAGGTATC,0.424504504504504,0.4,61.57824629154169
GATCACTCGGAGAAGAGCCT,GGG,GATCACTCGGAGAAGAGCCTG,0.444600752922528,0.55,68.07455953287285
AGAGCTGTACAAGTTCCCGG,AGG,AGAGCTGTACAAGTTCCCGGA,0.905321062096688,0.55,68.26198989529752
GGAGCCCAAAACTTGGTATG,TGG,GGAGCCCAAAACTTGGTATGT,0.810242518059855,0.5,64.96864122174145
ACACATACAAGATGCCCCTG,AGG,ACACATACAAGATGCCCCTGA,0.851037978394713,0.5,66.24217904302185
ACTGACCACAGACTCATGGT,GGG,ACTGACCACAGACTCATGGTG,0.903107801225597,0.5,67.11419166455829
AGGTGATGAAGACGTATACG,GGG,AGGTGATGAAGACGTATACGG,0.978723404255319,0.45,61.17489257276918
GGCACAGCGAACTCTCATGG,AGG,GGCACAGCGAACTCTCATGGA,0.90591486553374,0.6,69.69449079817497
GCCAATCCTAAGAACGCTGA,AGG,GCCAATCCTAAGAACGCTGAA,0.762917933130699,0.5,65.699053041154
ATACCCTAGCGATTTCGCCC,GGG,ATACCCTAGCGATTTCGCCCG,0.742795566892204,0.55,68.82169369975429
AGAGAATGGAGATCAAGCCC,AGG,AGAGAATGGAGATCAAGCCCA,0.890906645143933,0.5,66.20817485809943
AAACCAACGACCTCCAGGCG,AGG,AAACCAACGACCTCCAGGCGA,0.536439068895793,0.6,70.55242511965326
AAAGACGTGGACTGTTTCGG,GGG,AAAGACGTGGACTGTTTCGGG,0.847061342687005,0.5,63.91133416015634
ACTTTGAAAACATCCTGACG,TGG,ACTTTGAAAACATCCTGACGT,0.535688207374954,0.4,58.235874297295595
ATTTAGCTTCTTCTTCACTA,CGG,ATTTAGCTTCTTCTTCACTAC,0.124515207185139,0.3,54.38607727832169
ATGGGGATTACAGACAACCC,TGG,ATGGGGATTACAGACAACCCT,0.875222816399287,0.5,66.73982811848941
GGAAACCACTGGCTCAAACG,AGG,GGAAACCACTGGCTCAAACGA,0.938869625520111,0.55,66.77164977483591
GGCTGGGGGCAGAACAGGAC,AGG,GGCTGGGGGCAGAACAGGACA,0.761018718325402,0.7,76.77210974279296
GTTGTCGGCGTGATCCAAGT,GGG,GTTGTCGGCGTGATCCAAGTG,0.595876554108732,0.55,67.64409326255264
AGCCCAGCATCAGGTCAATG,AGG,AGCCCAGCATCAGGTCAATGA,0.493300350443207,0.55,69.12789960420918
AGCAGCGGGGACCAAGCTGT,CGG,AGCAGCGGGGACCAAGCTGTC,0.605187908496732,0.65,76.05902551634864
GCTGGTATAGATGCTTGTAA,GGG,GCTGGTATAGATGCTTGTAAG,0.498534338358459,0.4,60.55641619264992
GGGCAGGCACCCCGACACGA,GGG,GGGCAGGCACCCCGACACGAG,0.922205047463626,0.75,79.29415115176909
GGAGTCATCTCCTCCCCCAA,TGG,GGAGTCATCTCCTCCCCCAAT,0.598076923076923,0.6,71.9637368756616
ACATAAGCTTGAACCAACCA,AGG,ACATAAGCTTGAACCAACCAA,0.858971881341192,0.4,61.482512000154145
GATGTCCTACGATCGTTACG,TGG,GATGTCCTACGATCGTTACGT,0.591918341576344,0.5,62.20177341947692
ACCATGATGAAACTCAAATT,TGG,ACCATGATGAAACTCAAATTT,0.226449275362318,0.3,54.59737453462293
AAGAGAAATGCACTGTACGG,AGG,AAGAGAAATGCACTGTACGGA,0.847704876485233,0.45,61.86014686275752
GCTCTGCGCGCTGACCGGAC,TGG,GCTCTGCGCGCTGACCGGACT,0.81561996779388,0.75,77.31611614940863
AATTCTGGAACGTGCCATTG,CGG,AATTCTGGAACGTGCCATTGC,0.429629537357682,0.45,62.032288677357144
GCTCCCTATGAGGTCCTTGG,GGG,GCTCCCTATGAGGTCCTTGGG,0.696210619079092,0.6,70.88629703073951
ATGGTGGCTATGGGTATGGT,GGG,ATGGTGGCTATGGGTATGGTG,0.774716553287981,0.5,68.6949362224725
AGCTCGGAGACTGCTGCTTG,TGG,AGCTCGGAGACTGCTGCTTGT,0.768116382190366,0.6,70.9143934858239
GCAGGCAAATTCTGAACTTG,GGG,GCAGGCAAATTCTGAACTTGG,0.489004629629629,0.45,61.2897103919089
ACTCACACAACACCTTCCTG,GGG,ACTCACACAACACCTTCCTGG,0.751651700240002,0.5,65.39348711725597
GGTCACCTGCAGTACCGCGT,GGG,GGTCACCTGCAGTACCGCGTG,0.864099063222968,0.65,73.94172647159775
AGATAACATTGGTGTCGCTG,TGG,AGATAACATTGGTGTCGCTGT,0.90447593941907,0.45,62.02716696153857
GGCCACAGATATAGCATACC,CGG,GGCCACAGATATAGCATACCC,0.746656976744186,0.5,65.99019138777084
GTATGGACGCAGTAGCACTG,GGG,GTATGGACGCAGTAGCACTGG,0.92859667727112,0.55,67.12742024713083
AAGACAAAGCCCCCACACAT,GGG,AAGACAAAGCCCCCACACATG,0.592293340079691,0.5,67.85433222562676
GTGGAGCTAGAGAATCTGCT,GGG,GTGGAGCTAGAGAATCTGCTG,0.901289909739997,0.5,66.16145250879612
ATAAGAGATTACGTCCTGCA,GGG,ATAAGAGATTACGTCCTGCAG,0.828868699933244,0.4,60.73909109948903
GGCAGATTCCCTGATTGGCA,AGG,GGCAGATTCCCTGATTGGCAA,0.631217856217856,0.55,69.54193804670228
ATAATCGTACTGACAGCACT,GGG,ATAATCGTACTGACAGCACTG,0.78591628959276,0.4,60.61769581505189
ACACGAAAAAGGGCCCGGGG,CGG,ACACGAAAAAGGGCCCGGGGC,0.716238100880831,0.65,74.15892347192704
ATGGACGAAATCGACTCCAT,CGG,ATGGACGAAATCGACTCCATC,0.475352112676056,0.45,62.88759591141883
AGCCAGCGGTGAATTCCACG,TGG,AGCCAGCGGTGAATTCCACGT,0.94798649386762,0.6,70.65819682708366
GGCGGCGGTGAAGGCGACCG,TGG,GGCGGCGGTGAAGGCGACCGT,0.921895820714718,0.8,79.6982611885038
GTCGTGTGAAGACGTAGACT,GGG,GTCGTGTGAAGACGTAGACTG,0.832244201106793,0.5,64.10839349708255
GGAAACACAGATGTTCTCGG,TGG,GGAAACACAGATGTTCTCGGT,0.916251937668271,0.5,63.3959619904395
GGGGCGGGGGCTCACCAGAA,GGG,GGGGCGGGGGCTCACCAGAAG,0.654342397336293,0.75,80.31409163412013
GGAGAAGCAAAAACTGTTCC,AGG,GGAGAAGCAAAAACTGTTCCA,0.552396674003423,0.45,61.52677298465363
GCAGAGAAGCCGCGGAACTG,GGG,GCAGAGAAGCCGCGGAACTGG,0.934739286236653,0.65,72.05410183236972
GCACAAAGCAGGCTAGGAGA,AGG,GCACAAAGCAGGCTAGGAGAA,0.715447836296544,0.55,69.45281911650676
GAAGCCAATCAATGTAGCCG,CGG,GAAGCCAATCAATGTAGCCGC,0.634920634920634,0.5,64.1610893841866
GAGTAGCCGATAGTGACCTG,GGG,GAGTAGCCGATAGTGACCTGG,0.93857831962203,0.55,66.96863674617651
GCAGCTGAGGTGACCGCAGA,TGG,GCAGCTGAGGTGACCGCAGAT,0.887358867149371,0.65,73.9975514798112
GGGAGGTGATAAGTGGTCAG,TGG,GGGAGGTGATAAGTGGTCAGT,0.888997537302622,0.55,67.61657268038556
AAGAGATGGGTCCTCTCAGT,CGG,AAGAGATGGGTCCTCTCAGTC,0.748989572387034,0.5,67.1686791003151
ATACGACAAGTACGGATCGC,TGG,ATACGACAAGTACGGATCGCT,0.681144781144781,0.5,64.22753061399476
AGATAAGCACCTTCTACACG,CGG,AGATAAGCACCTTCTACACGC,0.585714285714285,0.45,61.999484453993944
AGGATAATCTTAGAACATCC,TGG,AGGATAATCTTAGAACATCCT,0.489707671566209,0.35,56.896343032303605
GCAGGCGACTCTCACCCCAC,AGG,GCAGGCGACTCTCACCCCACA,0.783304706286499,0.7,75.68450527952018
AGTCCAGGAAGATCATTACT,GGG,AGTCCAGGAAGATCATTACTG,0.290806754221388,0.4,61.282395564954754
GGCAACTAGCTACGAATCAG,TGG,GGCAACTAGCTACGAATCAGT,0.922441742654508,0.5,64.00687219304007
GGCATAGTCGCAAACATCTG,TGG,GGCATAGTCGCAAACATCTGT,0.815533980582524,0.5,63.997267750417336
GACGTCATAGTGTCCGTCAG,CGG,GACGTCATAGTGTCCGTCAGC,0.288664823548544,0.55,65.68439108271326
AGTTTGATGTTCACCTGATG,CGG,AGTTTGATGTTCACCTGATGC,0.731677917068466,0.4,59.2652458320764
GAATACCAAGTTACAACCAT,AGG,GAATACCAAGTTACAACCATA,0.85060562594629,0.35,56.84703862024389
GGACCCGCGTAAAGACCACG,GGG,GGACCCGCGTAAAGACCACGG,0.945335710041592,0.65,71.68699436386089
AAGCAGCAGAGCAGCACTCT,CGG,AAGCAGCAGAGCAGCACTCTC,0.523311475716749,0.55,70.43782602722348
GATGTGATCTATGGAAAATG,TGG,GATGTGATCTATGGAAAATGT,0.624115078746296,0.35,55.01878472760768
GATACCTAAAGTGGAGTGGT,CGG,GATACCTAAAGTGGAGTGGTC,0.828297872340425,0.45,63.369649760870004
AGGTTCCTGGCGAAACACGG,CGG,AGGTTCCTGGCGAAACACGGC,0.935011924417538,0.6,70.55242511965326
AGTACTTCATTGCGGCACTG,AGG,AGTACTTCATTGCGGCACTGA,0.94,0.5,65.26061480154806
GTGCTATCCTCAGATCTCAG,GGG,GTGCTATCCTCAGATCTCAGG,0.937571756601607,0.5,64.33844891808138
GCTCCTCAAATATCGAGCCA,GGG,GCTCCTCAAATATCGAGCCAG,0.689916711530544,0.5,65.7548541444151
GGCTGGCTGATATCAGAACG,TGG,GGCTGGCTGATATCAGAACGT,0.934612250015673,0.55,67.11754207692832
ATGACGGAGTACTTGAAGTA,GGG,ATGACGGAGTACTTGAAGTAG,0.861753769882255,0.4,60.42781701850316
AGCGGCTGGACTCTATTACC,TGG,AGCGGCTGGACTCTATTACCT,0.664286215609208,0.55,69.15689072675457
GCCAATGCTAGGTTCTTCGA,TGG,GCCAATGCTAGGTTCTTCGAT,0.492222521068674,0.5,65.69905304115406
GCGGTAGCGGTACTGAAAAC,AGG,GCGGTAGCGGTACTGAAAACA,0.650774896078077,0.55,66.93550664169106
GGGCCTAATCGATATCTCCC,AGG,GGGCCTAATCGATATCTCCCA,0.680454765360425,0.55,68.08023461027153
ATGCCCAACTCGAGTGCAGG,AGG,ATGCCCAACTCGAGTGCAGGA,0.671420239136774,0.6,71.24698215234758
GGGGCTGTCCTTACCCCCTG,GGG,GGGGCTGTCCTTACCCCCTGG,0.48139768728004,0.7,77.06178669741576
GTCCCCCTAGGCCTTCGATG,TGG,GTCCCCCTAGGCCTTCGATGT,0.909992533382724,0.65,73.28197111234289
AAATCAGGAGGCTTGCTTCG,GGG,AAATCAGGAGGCTTGCTTCGG,0.568101057820684,0.5,65.13911182352933
AAGGCGATGCCCTTGAAGGA,GGG,AAGGCGATGCCCTTGAAGGAG,0.872488038277512,0.55,70.1281177943186
AACGTCTGGTCTAAGTATGG,TGG,AACGTCTGGTCTAAGTATGGT,0.958628017262598,0.45,61.99335346485822
GGTACGTGAGGTTGCCAAAG,CGG,GGTACGTGAGGTTGCCAAAGC,0.822385830939059,0.55,67.0140287349235
GTGGGCAGTGATTCACATTG,TGG,GTGGGCAGTGATTCACATTGT,0.777315118987687,0.5,64.54169762326774
AGCTCGATCACAAAGACCAG,AGG,AGCTCGATCACAAAGACCAGA,0.807508888763474,0.5,64.7140360979061
GTAACTTGGAACTGGAGAGG,AGG,GTAACTTGGAACTGGAGAGGA,0.965384615384615,0.5,64.34488519669969
AGACTTCAGATGTATAGTGG,TGG,AGACTTCAGATGTATAGTGGT,0.858479863868406,0.4,59.49827481049908
GTGGACAGCAAACTCCACTG,TGG,GTGGACAGCAAACTCCACTGT,0.919717386119723,0.55,67.23923974055316
AACTATGGGAATGACCGACT,GGG,AACTATGGGAATGACCGACTG,0.694368353206574,0.45,63.90518803071228
AGATCAGCTGATCCAAACAC,AGG,AGATCAGCTGATCCAAACACA,0.759660460648928,0.45,62.96079246308517
AGCAACCAGCAACCTTACTC,AGG,AGCAACCAGCAACCTTACTCA,0.413199305787831,0.5,66.43196532204041
GCCATCGTACACGTCCAAGG,AGG,GCCATCGTACACGTCCAAGGA,0.882921237923694,0.6,69.315349893335
GAGGCTAGAATACTCAGCAA,AGG,GAGGCTAGAATACTCAGCAAA,0.935196947592862,0.45,63.33658011535141
ACCTTCAGGCCATTCAGAGG,AGG,ACCTTCAGGCCATTCAGAGGA,0.854447776111944,0.55,68.94316096766829
GAATTAAAGGATGTCAAACA,GGG,GAATTAAAGGATGTCAAACAG,0.677347734611203,0.3,53.17092761794339
GGCTGCACACAGTCTCCATC,AGG,GGCTGCACACAGTCTCCATCA,0.29020202020202,0.6,70.61307562491504
ACCTGTATCGAATCCCACGC,TGG,ACCTGTATCGAATCCCACGCT,0.792891479427156,0.55,68.11983199165456
GCATCTTCATCTCGCCCAAG,GGG,GCATCTTCATCTCGCCCAAGG,0.485201034855492,0.55,66.87893225649907
GAAAGCCGAAAGGGAGCTAG,AGG,GAAAGCCGAAAGGGAGCTAGA,0.611344185265984,0.55,67.09300288155669
GATCATTCGAGAGATCAGCT,TGG,GATCATTCGAGAGATCAGCTT,0.606153846153846,0.45,62.058513667949
ACGGGTACTTCCCCTGACCG,TGG,ACGGGTACTTCCCCTGACCGT,0.928490148112989,0.65,73.73920805761554
AAATTATTCTCATCACGATA,CGG,AAATTATTCTCATCACGATAC,0.191695071608948,0.25,50.462776119003365
AATGAAAATCCTCAACAAGT,GGG,AATGAAAATCCTCAACAAGTG,0.14660482374768,0.3,54.34369206136154
GTCTTGTGCGCACTGCTGTG,AGG,GTCTTGTGCGCACTGCTGTGA,0.880602319815524,0.6,69.57022380509778
ATGTAATGAATAATATCTCC,AGG,ATGTAATGAATAATATCTCCA,0.711512709533944,0.25,50.225179950860934
AGACGAGAACGAGAAAATCT,GGG,AGACGAGAACGAGAAAATCTG,0.269760744947116,0.4,59.00325282647367
AGCTCGCTGCTCGTGCGCTG,GGG,AGCTCGCTGCTCGTGCGCTGG,0.870495258166491,0.7,75.59977923361356
GCCGCTCCGGCCGCTGACAC,TGG,GCCGCTCCGGCCGCTGACACT,0.640697674418604,0.8,80.39435986032635
AGAAAATGAACACTTGCTTG,GGG,AGAAAATGAACACTTGCTTGG,0.709067519101824,0.35,55.70096070388138
GGTTGGTGCTTTCGCTGATG,AGG,GGTTGGTGCTTTCGCTGATGA,0.48084165428601,0.55,66.90428980860759
GTTCATGTCACCACACGGGT,AGG,GTTCATGTCACCACACGGGTA,0.905405405405405,0.55,68.31910224869
GAATGCACTCAGTAAGGGAA,GGG,GAATGCACTCAGTAAGGGAAG,0.841606541606541,0.45,63.18134772008739
ACAACCCATCGGTGACGGCC,TGG,ACAACCCATCGGTGACGGCCT,0.594480864190381,0.65,73.89797756349208
AGATTCCTGGACTCCACCCC,CGG,AGATTCCTGGACTCCACCCCC,0.736904761904762,0.6,72.15018494048712
GGTCGGGCCAGCGAAAGAGG,CGG,GGTCGGGCCAGCGAAAGAGGC,0.967983789260385,0.7,75.18311694771353
GTCGCTGACAGTCACGACGC,CGG,GTCGCTGACAGTCACGACGCC,0.861582494022172,0.65,71.01521748317037
AAGAAAAGCCAAAATCAGGT,AGG,AAGAAAAGCCAAAATCAGGTA,0.799105545617173,0.35,57.85881284798688
GTACATACGAGTATCAAATG,TGG,GTACATACGAGTATCAAATGT,0.882391857506361,0.35,54.05292786596095
GTACAGAGTTTGTATGATGA,AGG,GTACAGAGTTTGTATGATGAA,0.657766990291262,0.35,56.67366351342673
AGGTCAAAGGGGTCTCCAGC,TGG,AGGTCAAAGGGGTCTCCAGCT,0.496826851884497,0.6,72.20448466973221
ACGGAAGGGGAGGGAACGCC,GGG,ACGGAAGGGGAGGGAACGCCG,0.337634189503771,0.7,76.91574097457334
GGTGGAGGAGTCCAACTCAG,AGG,GGTGGAGGAGTCCAACTCAGA,0.955396256471525,0.6,70.07989986675125
AAGCCCAGACAGGGCCAATG,GGG,AAGCCCAGACAGGGCCAATGG,0.422099451852549,0.6,72.36561979914302
AAAGTGATGAGAATCAACCT,TGG,AAAGTGATGAGAATCAACCTT,0.842768500076604,0.35,57.762306196928364
GTTGGCAGGACATGACACCT,TGG,GTTGGCAGGACATGACACCTT,0.753846153846153,0.55,69.1615761955938
GTTTGCCACACAGGCAATCA,GGG,GTTTGCCACACAGGCAATCAG,0.332462759202439,0.5,66.34360057618414
ATAGGTGCTACTTACGCAGG,TGG,ATAGGTGCTACTTACGCAGGT,0.872926829268292,0.5,65.84927829544466
GCTTTGTATGAATAATATGC,AGG,GCTTTGTATGAATAATATGCA,0.342164502164502,0.3,52.331759305283356
ATGATGTACTACTATTGGGA,AGG,ATGATGTACTACTATTGGGAA,0.826302053730438,0.35,58.61223531296537
GGTGAACCAGATGACGCACG,TGG,GGTGAACCAGATGACGCACGT,0.903880070546737,0.6,68.85208820926408
ATTGGCCAGTCCACTGAACG,AGG,ATTGGCCAGTCCACTGAACGA,0.866398447754379,0.55,68.17623883312848
ACTGATTTCAGAAGACGCAA,TGG,ACTGATTTCAGAAGACGCAAT,0.613776447654385,0.4,60.11951675808223
GTCGATGCGACCGTTTCACA,GGG,GTCGATGCGACCGTTTCACAG,0.699229137101996,0.55,66.69370923490487
GGAGCACAGAGCCCCCACGG,CGG,GGAGCACAGAGCCCCCACGGC,0.917668269230769,0.75,78.52310143751885
GCCGTATCCCGAGTAGTCGT,AGG,GCCGTATCCCGAGTAGTCGTA,0.866583480725898,0.6,70.46890547127748
ACCATATCACCTTTAGTAGG,TGG,ACCATATCACCTTTAGTAGGT,0.604238155439166,0.4,59.987998510036505
GGAGTGAGAAATCGGATCTG,AGG,GGAGTGAGAAATCGGATCTGA,0.944137931034482,0.5,63.41452537594415
GGGATCGCAGCAGGATAAAG,CGG,GGGATCGCAGCAGGATAAAGC,0.907375643224699,0.55,67.31092261953415
GCAATTGTCGGCAAGAGATG,CGG,GCAATTGTCGGCAAGAGATGC,0.832325379561883,0.5,63.78215868913588
AAAGGCACTGCTCAACGAGG,AGG,AAAGGCACTGCTCAACGAGGA,0.83195084485407,0.55,68.10411048418626
GTTGTACCATAAAGGGCCTA,CGG,GTTGTACCATAAAGGGCCTAC,0.5171875,0.45,63.99741264427155
GACTTGGTCAGGAGCTAATG,GGG,GACTTGGTCAGGAGCTAATGG,0.564035497312899,0.5,64.49549513002927
GTGGAAGGTACGGACACTGA,GGG,GTGGAAGGTACGGACACTGAG,0.893466621484242,0.55,68.27258846137192
GCATGACCATCAGGGTAGCG,GGG,GCATGACCATCAGGGTAGCGG,0.697348906192065,0.6,70.24804041080426
AGCCCTCTTTCAAAATACCG,AGG,AGCCCTCTTTCAAAATACCGA,0.887797155350052,0.45,62.15235749136775
GCAGGCCCGCATCCCCCAAG,AGG,GCAGGCCCGCATCCCCCAAGA,0.911589029476214,0.75,79.24106002665565
AGTGCCAGTCACCCAATGGT,GGG,AGTGCCAGTCACCCAATGGTG,0.74469572368421,0.55,70.70623762936214
GGATTCGCTCATGTACTGTG,AGG,GGATTCGCTCATGTACTGTGA,0.94096640064382,0.5,63.76089835175014
GTGGCGGCTGCAGAAGCTGC,CGG,GTGGCGGCTGCAGAAGCTGCC,0.794152046783625,0.7,76.24482362730174
AGAACAGTGCCCAAGACCAC,TGG,AGAACAGTGCCCAAGACCACT,0.79676997759522,0.55,69.07641377054904
AGCCCTGCAGGCGTACAGCG,TGG,AGCCCTGCAGGCGTACAGCGT,0.959669346219271,0.7,77.00486508388883
ACTGGACAGCACCTCTTGAG,TGG,ACTGGACAGCACCTCTTGAGT,0.875311461794019,0.55,68.44260948206869
ATAGGAGCTTCTTGTTGTCC,GGG,ATAGGAGCTTCTTGTTGTCCG,0.58723469859705,0.45,63.167539480929236
ACAAAGTCTTCATTGCGACG,AGG,ACAAAGTCTTCATTGCGACGA,0.422382671480144,0.45,60.738470839509034
AGCTCATCTTTCCTAAAGGT,TGG,AGCTCATCTTTCCTAAAGGTT,0.814388593348532,0.4,61.31161245998959
ATGAAAAGGCTTGGCACTTG,AGG,ATGAAAAGGCTTGGCACTTGA,0.613334488334488,0.45,62.8590301398209
GCTGCAAGGTAACATCCATG,GGG,GCTGCAAGGTAACATCCATGG,0.922173838797814,0.5,64.94410690646532
GTGGACGCACGACCCTTCCG,AGG,GTGGACGCACGACCCTTCCGA,0.968168629458952,0.7,74.10035011238318
AGATGATTGCACATACCACG,TGG,AGATGATTGCACATACCACGT,0.829129420909444,0.45,62.190707504601505
ATCAGGCCGTAGGTGAACAG,CGG,ATCAGGCCGTAGGTGAACAGC,0.906302966101694,0.55,68.35860738586933
GCCACTGCCGAACACCTCTG,GGG,GCCACTGCCGAACACCTCTGG,0.859198205228248,0.65,72.64483081095347
ACCTGATGGATTATCACCGG,CGG,ACCTGATGGATTATCACCGGC,0.892948717948717,0.5,65.52486865032154
GAAGTCTCTCCGTTCCACCC,AGG,GAAGTCTCTCCGTTCCACCCA,0.986607142857142,0.6,69.76307291305505
ACCGTAGTTAGCCTCCTGGC,AGG,ACCGTAGTTAGCCTCCTGGCA,0.50331542722847,0.6,72.24302801465763
GCAATGTCCACATAGCGCAG,AGG,GCAATGTCCACATAGCGCAGA,0.56797633293445,0.55,67.27649626815025
GGCGCCGTCTTGTTGTGTGT,GGG,GGCGCCGTCTTGTTGTGTGTG,0.517473356168424,0.6,70.77274420435424
GGACACTGAGGAACCCACGA,AGG,GGACACTGAGGAACCCACGAA,0.965706607993074,0.6,70.97138622803152
GTGTAGTGGCTTACAACACA,TGG,GTGTAGTGGCTTACAACACAT,0.881827603695781,0.45,63.215744606128055
GACTCCGCGTACATGTCTAG,CGG,GACTCCGCGTACATGTCTAGC,0.766875242625819,0.55,66.11040764672066
GCACCCATGTACTTCAACGA,GGG,GCACCCATGTACTTCAACGAG,0.933681985089574,0.5,65.571200233853
GATGCTAACCTCTATGTTAG,CGG,GATGCTAACCTCTATGTTAGC,0.121660305343511,0.4,58.39886970981394
AGCCGTACCTTGTAACTGGG,CGG,AGCCGTACCTTGTAACTGGGC,0.910496000804869,0.55,68.80638498102371
GACTCCATCTGTAGTCGCCG,AGG,GACTCCATCTGTAGTCGCCGA,0.89677176576086,0.6,68.96625681392669
GAGCGGTGTGCACAGCCCGT,CGG,GAGCGGTGTGCACAGCCCGTC,0.820998668269914,0.7,76.61010816223535
GGACGCGGCGAGAAAGCACG,GGG,GGACGCGGCGAGAAAGCACGG,0.988497033618984,0.7,73.65381741800837
AAGCCTGTGAATCTTCACCG,TGG,AAGCCTGTGAATCTTCACCGT,0.909763512604589,0.5,64.94927974240358
GGGCCTGTATGACCAGTATG,GGG,GGGCCTGTATGACCAGTATGG,0.837307358123736,0.55,68.25410837383737
GTAAATGTGCCCATTCAGGA,TGG,GTAAATGTGCCCATTCAGGAT,0.694586099618332,0.45,63.546895974609356
ATGGGCCAAAGCTTATGCTG,AGG,ATGGGCCAAAGCTTATGCTGA,0.898174733388022,0.5,66.7320952240326
AAGCTCCAGGAGTATCTGAG,TGG,AAGCTCCAGGAGTATCTGAGT,0.858950920373581,0.5,65.73904175786913
GACATGCAGACACATTCCCT,GGG,GACATGCAGACACATTCCCTG,0.984770742358078,0.5,66.16095039112429
AAAACGTTCAGAAACAATGC,AGG,AAAACGTTCAGAAACAATGCA,0.0973338518710569,0.35,55.36063624207014
GTAGAATCCTGACTTTGAGT,TGG,GTAGAATCCTGACTTTGAGTT,0.565385691633243,0.4,59.62890623470719
GATTCATCCCTTACCCGCCG,GGG,GATTCATCCCTTACCCGCCGG,0.863931523022432,0.6,69.76038883062216
ATCTTCAACCCAGACCAAGG,TGG,ATCTTCAACCCAGACCAAGGT,0.884966777408637,0.5,65.8028410024171
GGATCTTCTCGCCCTCAGAG,CGG,GGATCTTCTCGCCCTCAGAGC,0.948457223001402,0.6,69.45893682066634
ATCACGCTCCAGAACATCGG,AGG,ATCACGCTCCAGAACATCGGA,0.936485658875165,0.55,67.29901395838004
GCAAACCTTACACTGGGTGT,TGG,GCAAACCTTACACTGGGTGTT,0.507755538418395,0.5,66.4800474840834
AGGGTCTACCGCAGTCTGTG,AGG,AGGGTCTACCGCAGTCTGTGA,0.780801927562485,0.6,71.11810578554969
ACTCCTTTATGAAGACACTC,AGG,ACTCCTTTATGAAGACACTCA,0.427707698999565,0.4,59.628906234707074
ACTGTTCTCAGTATAGACCC,CGG,ACTGTTCTCAGTATAGACCCC,0.913928892889288,0.45,63.14963765080944
AGAATGGGAGACATACGTCG,AGG,AGAATGGGAGACATACGTCGA,0.905529736010159,0.5,64.28156393997341
AGAAGTATCTGAGCTAAGAG,TGG,AGAAGTATCTGAGCTAAGAGT,0.915736607142857,0.4,59.238258760123244
ATGATCAGTCAACCACACAT,TGG,ATGATCAGTCAACCACACATT,0.680363993423456,0.4,61.25235713699715
AGGATGACGACCCCCGAGTG,AGG,AGGATGACGACCCCCGAGTGA,0.899071023558801,0.65,73.16536636550194
ACTGCTCTGGAGAGCAAACA,CGG,ACTGCTCTGGAGAGCAAACAC,0.440208496406461,0.5,67.19440083638602
ATAATGATGATAAACTCCGC,AGG,ATAATGATGATAAACTCCGCA,0.655714817572598,0.35,56.28361960846729
ATGACAGCCGCGGACTTCGG,CGG,ATGACAGCCGCGGACTTCGGC,0.941301504251144,0.65,72.77232558208601
ACTCCCCAGTTCATAACCAC,AGG,ACTCCCCAGTTCATAACCACA,0.803828828828828,0.5,66.43944084402773
GCAGGTACTTGATGCACCGC,AGG,GCAGGTACTTGATGCACCGCA,0.719133448469006,0.6,70.61906195932823
AAAAACTATCCAGTCAAACA,GGG,AAAAACTATCCAGTCAAACAG,0.168652959728287,0.3,54.38327841461165
GGCCGAGCACGGCTACGCCT,CGG,GGCCGAGCACGGCTACGCCTC,0.143042000749797,0.75,79.53496590326773
AATGTATATGGCAACACAAT,TGG,AATGTATATGGCAACACAATT,0.214861656575871,0.3,55.23725384296705
GACCAGGACGAGAAGCACCG,TGG,GACCAGGACGAGAAGCACCGT,0.956155349291646,0.65,71.6748256806905
AGGATGACCGAGCTGCACGC,GGG,AGGATGACCGAGCTGCACGCG,0.919494492901254,0.65,73.65720170351261
AATAGAGAAGTCATATCCTG,GGG,AATAGAGAAGTCATATCCTGG,0.960010666785186,0.35,56.25661256450633
ACAGAGCTGGAGTATCCAAA,GGG,ACAGAGCTGGAGTATCCAAAG,0.954545454545454,0.45,64.49549513002927
ACCAAGTATAGGCAATTGCA,CGG,ACCAAGTATAGGCAATTGCAC,0.669065928578562,0.4,62.002565550376175
GTGTCTAGTGCAGGCCCAGG,AGG,GTGTCTAGTGCAGGCCCAGGA,0.853573687539531,0.65,73.71576284467648
GATATTCTTGTGAACTTGAG,GGG,GATATTCTTGTGAACTTGAGG,0.756058016058016,0.35,54.46257532427103
ACAACATCCACAGACTCTGG,CGG,ACAACATCCACAGACTCTGGC,0.796184375914733,0.5,65.45203817897362
ATGCCTAGCTACATCAAACA,CGG,ATGCCTAGCTACATCAAACAC,0.844516820809784,0.4,61.79402717857056
ACAGAAAACTGCATTTGACA,AGG,ACAGAAAACTGCATTTGACAA,0.448818474758324,0.35,57.760954434722976
AGTTTGATTGGTGACCGACG,AGG,AGTTTGATTGGTGACCGACGA,0.859825595676737,0.5,64.05433348462827
GTGCTGGCTGACTTCGAGGG,CGG,GTGCTGGCTGACTTCGAGGGC,0.884131971720345,0.65,72.5727800222852
ACAAAGTCCACCAATATGAT,GGG,ACAAAGTCCACCAATATGATG,0.243943064809206,0.35,58.299310206098255
GGCTGCTCGCCCCACTAATG,TGG,GGCTGCTCGCCCCACTAATGT,0.410923781651609,0.65,73.51382860990122
GCCTGTAGTCTTAGCTACTC,GGG,GCCTGTAGTCTTAGCTACTCG,0.179757251381809,0.5,65.18471471092579
ACGACATCGCCATGACCGCG,GGG,ACGACATCGCCATGACCGCGG,0.879158819836785,0.65,72.02309171735544
GCTTGGCACTTCAAACACGA,AGG,GCTTGGCACTTCAAACACGAA,0.404515320800065,0.5,65.30321769499369
GATTATAACTACACCAACCA,AGG,GATTATAACTACACCAACCAA,0.836797856614929,0.35,57.06453465774638
ATAGTGCAAGGGCTTACAGA,TGG,ATAGTGCAAGGGCTTACAGAT,0.942213922606079,0.45,64.97128647698855
GCGGGTCGAACCTCTCCAGT,AGG,GCGGGTCGAACCTCTCCAGTA,0.752660794568309,0.65,73.4614612722533
GACATACCACATGCCTGACG,TGG,GACATACCACATGCCTGACGT,0.861841057493231,0.55,66.9737048960987
GAGAAATCACCACCTTCTAC,AGG,GAGAAATCACCACCTTCTACA,0.312260434254569,0.45,61.62351694316237
GAGGCGTTCGCCACGCACGG,GGG,GAGGCGTTCGCCACGCACGGG,0.961015392527827,0.75,76.61527716004622
ACTCGAATGGAGGTTGTCCA,TGG,ACTCGAATGGAGGTTGTCCAT,0.810488538637754,0.5,66.54254918373243
GTGGTTATGACGTGTGGTTG,GGG,GTGGTTATGACGTGTGGTTGG,0.896034462410008,0.5,63.73492308060753
AAAACTGTGAGCCTATGATT,GGG,AAAACTGTGAGCCTATGATTG,0.266336438435325,0.35,58.08154802850589
ATAGCGCACCAATGCTTCAG,GGG,ATAGCGCACCAATGCTTCAGG,0.813321020500273,0.5,65.58648967976688
ATGGTGTTATCCAAGGTCCA,AGG,ATGGTGTTATCCAAGGTCCAA,0.705733808674985,0.45,64.84752782009747
GGCCCGCTCACCCTTCGCTG,AGG,GGCCCGCTCACCCTTCGCTGA,0.976510067114094,0.75,78.1297023405142
GTTGTTATAGAATCCCTCCA,GGG,GTTGTTATAGAATCCCTCCAG,0.919835057310595,0.4,60.30361897753221
GGAAACTATTGAGTCCCCCG,AGG,GGAAACTATTGAGTCCCCCGA,0.954441999070454,0.55,67.15749182465771
GTTGGAGGTTCTGGAATCTC,AGG,GTTGGAGGTTCTGGAATCTCA,0.358415574233008,0.5,64.61878734405099
AGGAATCTGTCAACCGACAG,GGG,AGGAATCTGTCAACCGACAGG,0.910555555555555,0.5,64.69948883231211
ATTCCAGCCAACGTGATCCG,AGG,ATTCCAGCCAACGTGATCCGA,0.891470180305131,0.55,67.56144657890576
ATGGGAAAGAATACTACCTG,AGG,ATGGGAAAGAATACTACCTGA,0.940443536979864,0.4,59.79942153400873
GCTACGAGAGTACAAGGTAG,TGG,GCTACGAGAGTACAAGGTAGT,0.922202532412456,0.5,63.83796254355724
GTTGTTGTGTTCAGAAACCC,AGG,GTTGTTGTGTTCAGAAACCCA,0.929554919965878,0.45,61.4493086935376
GATCCAGGCCCCTCCTCAGT,CGG,GATCCAGGCCCCTCCTCAGTC,0.349963879357052,0.65,75.0301628399481
ATCTTGGCCCGGTAGCTCAG,CGG,ATCTTGGCCCGGTAGCTCAGC,0.586148419481752,0.6,71.68699436386095
GGAAGACAGTATTGTTCGAA,AGG,GGAAGACAGTATTGTTCGAAA,0.374591753068436,0.4,58.89205878800885
GAGTCATTTCTGTTCCGCAC,AGG,GAGTCATTTCTGTTCCGCACA,0.777961323652355,0.5,63.83836718191594
AATACTCCACATAACCCACT,TGG,AATACTCCACATAACCCACTT,0.262724550898203,0.4,61.7465179840442
GCCGGCACATCACAAACCAG,TGG,GCCGGCACATCACAAACCAGT,0.926706221868068,0.6,70.04971701607656
GGATGTGGATGCTGTGGACA,AGG,GGATGTGGATGCTGTGGACAA,0.761753895106429,0.55,69.10320351791665
GGTCATGACTGCTATTCAAG,AGG,GGTCATGACTGCTATTCAAGA,0.935267569310122,0.45,61.391298359839425
GATGGTGGCAGCCATAGCAT,GGG,GATGGTGGCAGCCATAGCATG,0.753809523809523,0.55,70.06529812259691
AAACTTAAGTAATCGGTTGA,AGG,AAACTTAAGTAATCGGTTGAA,0.155707762557077,0.3,53.49908852073224
GATAGAAGGCAAACTCAGTG,GGG,GATAGAAGGCAAACTCAGTGG,0.936044961791363,0.45,61.22041599255465
AGCTGCTGTGAGCTCCCCTG,CGG,AGCTGCTGTGAGCTCCCCTGC,0.921251072259834,0.65,74.70302709430786
GTGAAGACGTTGACGTTGAG,GGG,GTGAAGACGTTGACGTTGAGG,0.915626736345752,0.5,62.21632841199772
ACCAGGTCACAGAGAGTGCA,TGG,ACCAGGTCACAGAGAGTGCAT,0.856369027255103,0.55,69.96623767576699
AAGACTCTAGTAGCCCATCG,GGG,AAGACTCTAGTAGCCCATCGG,0.883579298096719,0.5,65.27182695730966
ATGACGGAAATCGGGCTGAG,CGG,ATGACGGAAATCGGGCTGAGC,0.881749940659862,0.55,67.49278652503386
ATGCAGCCAACACAGGCAGG,CGG,ATGCAGCCAACACAGGCAGGC,0.797413793103448,0.6,72.23502493907739
GCTGGCGGTGACTTTCGCGG,TGG,GCTGGCGGTGACTTTCGCGGT,0.785164617491778,0.7,74.52179516462235
AGCCATGAGACTTCTCATCC,TGG,AGCCATGAGACTTCTCATCCT,0.539090646731895,0.5,66.03056859768157
GAGTCAGGAAGCACTACAGG,TGG,GAGTCAGGAAGCACTACAGGT,0.939259399206499,0.55,67.34394239767732
GTTCCTGGACCACATCAGGA,AGG,GTTCCTGGACCACATCAGGAA,0.872217391304347,0.55,68.92583567590071
AATTGACTGTGTCTATGGAC,TGG,AATTGACTGTGTCTATGGACT,0.79562014572824,0.4,59.87686453629084
AACATAGCGTATTCCCCACA,AGG,AACATAGCGTATTCCCCACAA,0.78673469387755,0.45,64.3701940407293
AGCTAGCCAATCAGTAAGGC,TGG,AGCTAGCCAATCAGTAAGGCT,0.823939494366063,0.5,66.93550664169095
GTAGTAGAGGAGATATCGAG,GGG,GTAGTAGAGGAGATATCGAGG,0.943548387096774,0.45,60.611200880967374
AGCGTACCAACTTACCACTT,GGG,AGCGTACCAACTTACCACTTG,0.255530175044732,0.45,63.9811797631196
GGCGGTAGTGAAATCCACTG,TGG,GGCGGTAGTGAAATCCACTGT,0.961654617003752,0.55,67.05518731460728
AGGAGGAATCTATATTCTGG,CGG,AGGAGGAATCTATATTCTGGC,0.769576928130337,0.4,59.86718847796084
GAATTACGTTGACCCCACTC,CGG,GAATTACGTTGACCCCACTCC,0.585341389514775,0.5,64.19873295457114
AGGCACAGGTCCGGAGCAGC,AGG,AGGCACAGGTCCGGAGCAGCA,0.410869565217391,0.7,77.28466472273482
GAATGAAAAGGATATGGCGA,AGG,GAATGAAAAGGATATGGCGAA,0.855734577061691,0.4,59.5028325436607
ACAATACTTGGTGTTACGAA,AGG,ACAATACTTGGTGTTACGAAA,0.535461280553753,0.35,57.16986659504914
GAAACACGCGAGGAGTCGGA,GGG,GAAACACGCGAGGAGTCGGAG,0.93758896797153,0.6,69.55647243223808
GGAGCCTGAGCCAGACCAGG,GGG,GGAGCCTGAGCCAGACCAGGG,0.95023923444976,0.7,76.17035753144211
ATGATGTCTTCCCGGCAATG,GGG,ATGATGTCTTCCCGGCAATGG,0.873110398534127,0.5,65.38042901526813
GCGGCGGCGGAAGACCCCGT,CGG,GCGGCGGCGGAAGACCCCGTC,0.879820721284135,0.8,81.44508872878822
AACACTGTACCTTTCGACTG,GGG,AACACTGTACCTTTCGACTGG,0.835159500693481,0.45,61.544009230770996
ACATGATGCTGAATCCCAGA,AGG,ACATGATGCTGAATCCCAGAA,0.584345900522371,0.45,64.54586896499893
GCAGCACACCGTCTGTGGAT,AGG,GCAGCACACCGTCTGTGGATA,0.787957765303394,0.6,71.34486061012103
GTAGCGGCGGATCTCGCGCA,GGG,GTAGCGGCGGATCTCGCGCAG,0.989820130118637,0.7,75.60042574484072
GGAGATATCCAACTCCACCC,GGG,GGAGATATCCAACTCCACCCG,0.879945610928408,0.55,68.21339639717479
AGGATACGTCCTGGTACCAC,AGG,AGGATACGTCCTGGTACCACA,0.761272435429738,0.55,68.88696499415516
GATGACACAGATGACCACTT,TGG,GATGACACAGATGACCACTTT,0.186360096811533,0.45,62.80663913217546
GTATCGCTTACGGATCACAG,AGG,GTATCGCTTACGGATCACAGA,0.918954248366013,0.5,63.17739549023753
AAAGGATACAGAAGGTTTCA,GGG,AAAGGATACAGAAGGTTTCAG,0.240124803101902,0.35,57.9141267289981
GCAGCATGAAGCCATGCCGT,AGG,GCAGCATGAAGCCATGCCGTA,0.84508664730041,0.6,72.01073298847768
AAGGGAAGAACAGTAACTGA,AGG,AAGGGAAGAACAGTAACTGAA,0.876206896551724,0.4,61.04305083550855
GCGCCCGAGGAATCACTCCA,GGG,GCGCCCGAGGAATCACTCCAG,0.94499714414806,0.65,73.65145699257113
GTGTCACCCCCTAACACAGA,AGG,GTGTCACCCCCTAACACAGAA,0.721449851042701,0.55,69.15692670282323
GAGAAGACGAGTGAACTACT,TGG,GAGAAGACGAGTGAACTACTT,0.661537247474747,0.45,61.68798388649941
GATGCTATCCAAGAAGCACG,CGG,GATGCTATCCAAGAAGCACGC,0.686282496534179,0.5,63.93191508666757
ACATAACAATGACCTACACC,AGG,ACATAACAATGACCTACACCA,0.574428067955106,0.4,60.242487412148364
AAAGGCCACTGTGAAACGCA,AGG,AAAGGCCACTGTGAAACGCAA,0.771407297096053,0.5,66.86158062492348
GGATGAGTTCGAGTTTCTGG,AGG,GGATGAGTTCGAGTTTCTGGA,0.810050263031481,0.5,63.33247960479201
GCAAGTCAACATACCTACTG,CGG,GCAAGTCAACATACCTACTGC,0.790976702793757,0.45,61.47889717705664
GACCCCACTTACGTCGGCTG,GGG,GACCCCACTTACGTCGGCTGG,0.892623841617523,0.65,72.26034341208043
GATGTCAGACTATTGCCTCA,AGG,GATGTCAGACTATTGCCTCAA,0.601321353963212,0.45,63.116392155802316
ATGCTGAGGATGATCATGAG,CGG,ATGCTGAGGATGATCATGAGC,0.879873772791023,0.45,62.760011413796974
ATCACAAAGCCACTGCAAAA,TGG,ATCACAAAGCCACTGCAAAAT,0.114690420997532,0.4,61.352849049147835
GCCCACCCTGGCTCACCGTG,CGG,GCCCACCCTGGCTCACCGTGC,0.975886917960088,0.75,78.60018125607746
AGGCGGGCCTTACGAATCGG,GGG,AGGCGGGCCTTACGAATCGGG,0.937783147085472,0.65,73.57622457465408
GGCAGAAGATGACACGCATG,AGG,GGCAGAAGATGACACGCATGA,0.843071318481154,0.55,66.75989314341138
GACACTTCAGTGAATGCACG,AGG,GACACTTCAGTGAATGCACGA,0.831692913385826,0.5,63.31738261529716
AAGAGGTTATGCCATATCAG,AGG,AAGAGGTTATGCCATATCAGA,0.899358974358974,0.4,59.9913223858145
GAGCTGATGGAGTCACAGCG,GGG,GAGCTGATGGAGTCACAGCGG,0.941428571428571,0.6,69.41610471951776
GCTTTGCAGCCCTTACAGTG,AGG,GCTTTGCAGCCCTTACAGTGA,0.752309538494542,0.55,67.99577982077273
GATGAAGCTCCTGTTCACGC,CGG,GATGAAGCTCCTGTTCACGCC,0.607865168539325,0.55,66.96908241676232
GTCATTGAAGCTGTCACTGG,TGG,GTCATTGAAGCTGTCACTGGT,0.90438771439968,0.5,64.18173143069293
GCCCTCCAAACTACATATCG,TGG,GCCCTCCAAACTACATATCGT,0.815053593769372,0.5,64.30324956327883
AGGACACCGAGAAGGCTCAG,CGG,AGGACACCGAGAAGGCTCAGC,0.976113360323886,0.6,70.77634198716578
GTACGCGCTTAACCGCATCA,CGG,GTACGCGCTTAACCGCATCAC,0.682150276766916,0.55,67.67722534999149
GTCCATGGTGATTGGTCCCG,GGG,GTCCATGGTGATTGGTCCCGG,0.898225957049486,0.6,69.92549278153706
GACATTTACTCTACAGGCGA,TGG,GACATTTACTCTACAGGCGAT,0.755099898860752,0.45,62.4323151708341
GTGGTTAGCTGCATGATACC,AGG,GTGGTTAGCTGCATGATACCA,0.691431781853862,0.5,65.52198343762552
AGGTCTGTGACTCGGACACA,AGG,AGGTCTGTGACTCGGACACAA,0.74788961038961,0.55,69.07328467163563
AGAAGCTGACCATACACTGG,GGG,AGAAGCTGACCATACACTGGG,0.854702825048201,0.5,65.8728617003386
GTGGAGGCCGGGGTGGGGCG,GGG,GTGGAGGCCGGGGTGGGGCGG,0.357705951911706,0.85,83.81345300061719
ATACTTCTCTCTGTCAACGA,AGG,ATACTTCTCTCTGTCAACGAA,0.59154373024236,0.4,60.05945177398644
GATGCTGTAGACCGTGTCTG,GGG,GATGCTGTAGACCGTGTCTGG,0.544889307583608,0.55,66.61217245033419
GATAACCAGCACCCCAACTT,TGG,GATAACCAGCACCCCAACTTT,0.280804121975942,0.5,66.71640164770201
GTTACGTAAGCTACAAAATG,CGG,GTTACGTAAGCTACAAAATGC,0.597000280347631,0.35,53.66538369854402
GACGGTAACGGACGTAATCA,CGG,GACGGTAACGGACGTAATCAC,0.683407501589319,0.5,64.0712773498393
AGAGAGAACAGGATGCCCTG,TGG,AGAGAGAACAGGATGCCCTGT,0.973118279569892,0.55,68.66793672967708
AAAGCTGGAACCTACCTCCC,AGG,AAAGCTGGAACCTACCTCCCA,0.535757484566323,0.55,69.69401388018383
GATGTTGGAGCAATTTAGGA,AGG,GATGTTGGAGCAATTTAGGAA,0.690697674418604,0.4,60.180473482609955
AGGAAGCGTAACTCGGCACT,GGG,AGGAAGCGTAACTCGGCACTG,0.712564953439316,0.55,69.34026712173795
GCAGCTCAGAAAGAATCCGT,GGG,GCAGCTCAGAAAGAATCCGTG,0.92345716609535,0.5,65.31697824387288
AGAGCAGAAGTGCTCCACTC,CGG,AGAGCAGAAGTGCTCCACTCC,0.498950856086525,0.55,68.7615488665511
GCATCTCCTGGTCACGAATG,TGG,GCATCTCCTGGTCACGAATGT,0.770260901924031,0.55,66.67332909313149
AGGAAAAGTGCCATCAGTAC,TGG,AGGAAAAGTGCCATCAGTACT,0.522281639928698,0.45,63.232403013164515
GGTGCTCACTGCCCACACTG,AGG,GGTGCTCACTGCCCACACTGA,0.906315207541836,0.65,73.25470586108065
GGGTTGGACAGCTCGATCAG,CGG,GGGTTGGACAGCTCGATCAGC,0.919762711864406,0.6,69.59612571381598
GTTGTGGTCAAAGAGAATGG,AGG,GTTGTGGTCAAAGAGAATGGA,0.934341085271318,0.45,61.087779519661865
ATATCTTCAAATAGCTAACC,CGG,ATATCTTCAAATAGCTAACCC,0.648840704164877,0.3,53.487128750311456
GCAATTTGTCTGCGCCCACA,CGG,GCAATTTGTCTGCGCCCACAC,0.304279366052274,0.55,68.8042490051061
AATTTCATCTTCTAGACTTT,TGG,AATTTCATCTTCTAGACTTTT,0.0495343094363102,0.25,50.60369371277295
ATGCATTGCTTTACAAACCA,CGG,ATGCATTGCTTTACAAACCAC,0.857981593145033,0.35,58.397847298973545
GGGAGGAAAAGTACCACCTG,AGG,GGGAGGAAAAGTACCACCTGA,0.953163531318255,0.55,67.78071644699003
ATCAGCAGCAGAGACTTCCG,CGG,ATCAGCAGCAGAGACTTCCGC,0.939830792342516,0.55,67.86426829329969
GACCTCCACAGGGCCACCCA,GGG,GACCTCCACAGGGCCACCCAG,0.848836513728539,0.7,77.72450837626087
AACGGAGTAAACGCAACAGG,TGG,AACGGAGTAAACGCAACAGGT,0.880391114262081,0.5,64.38231405357863
GAGATGCAGCACTGCACCTC,AGG,GAGATGCAGCACTGCACCTCA,0.113787700744222,0.6,70.64476066840518
ACAACCTTTAATATCCAGGA,TGG,ACAACCTTTAATATCCAGGAT,0.876875134321942,0.35,58.39989095041199
GTCAAGACTGGGTGCCAACA,TGG,GTCAAGACTGGGTGCCAACAT,0.281103759485175,0.55,69.00226561379111
ATTCTCAGTTCAAACGCCCA,CGG,ATTCTCAGTTCAAACGCCCAC,0.730998421165578,0.45,63.626257612591644
AATCTAATAAGGAAGGTACA,AGG,AATCTAATAAGGAAGGTACAA,0.481848184818481,0.3,54.87058860481568
AGTACCTGTCGGCCCCTGAA,CGG,AGTACCTGTCGGCCCCTGAAC,0.336653789500749,0.6,73.06128706598781
GTTACTTTGGTGTCCTGATG,TGG,GTTACTTTGGTGTCCTGATGT,0.708176964149504,0.45,61.27937618902513
GGTCGGGCCCATACAGCCAG,AGG,GGTCGGGCCCATACAGCCAGA,0.90735294117647,0.7,76.35843600308942
AAAATCTTGGATCGCAGCGG,AGG,AAAATCTTGGATCGCAGCGGA,0.409432564691025,0.5,64.55503532990832
GGCTCAAAGCCTGTCAGCAG,AGG,GGCTCAAAGCCTGTCAGCAGA,0.956941892148786,0.6,70.53177987308135
GCTGCGCGCAGAGCTCCAAG,AGG,GCTGCGCGCAGAGCTCCAAGA,0.816957837540408,0.7,75.130791378565
GCAGATCACAAAAATGACAC,TGG,GCAGATCACAAAAATGACACT,0.68213698696974,0.4,58.42518198326934
AGGGTTGTAGACGTCAAGCG,TGG,AGGGTTGTAGACGTCAAGCGT,0.915406004286417,0.55,67.40043836098545
GCAGATGGGCACACAGCAGC,TGG,GCAGATGGGCACACAGCAGCT,0.347153707618823,0.65,73.91302412109377
AGATTCTGCTCATTTGTGCC,AGG,AGATTCTGCTCATTTGTGCCA,0.130414422673628,0.45,63.18296796284591
GAGCTCCATATATCTGGACT,TGG,GAGCTCCATATATCTGGACTT,0.63772707043735,0.45,63.54689597460924
GGGTGGCACCATGGCCGAAG,CGG,GGGTGGCACCATGGCCGAAGC,0.703634604754007,0.7,76.12382149484313
GGATGGGGTACACACCCGAG,TGG,GGATGGGGTACACACCCGAGT,0.903150912106136,0.65,73.06715531275961
GACAGGATGAATCCTGTGAG,GGG,GACAGGATGAATCCTGTGAGG,0.918406593406593,0.5,64.17781695125876
ATGCTGTCTTCAGTTCCATG,GGG,ATGCTGTCTTCAGTTCCATGG,0.777517185034933,0.45,62.57945903638921
GTTCATCCAGGGTATTAGGG,GGG,GTTCATCCAGGGTATTAGGGG,0.611054858752141,0.5,65.17922677526866
ACATACCTCAAGTCCAAGTG,AGG,ACATACCTCAAGTCCAAGTGA,0.897749510763209,0.45,62.618897491563985
GCTGGTACACAGCCTCAGGT,AGG,GCTGGTACACAGCCTCAGGTA,0.345115251665532,0.6,72.35525828988057
AGGTGCCATCCCTAACGGAG,CGG,AGGTGCCATCCCTAACGGAGC,0.871321509645185,0.6,71.6502678323389
GAAAAAATGAGAGCTGAAGA,CGG,GAAAAAATGAGAGCTGAAGAC,0.604797979797979,0.35,56.21959340971762
ATGCTAGGTAACAAGCGACT,GGG,ATGCTAGGTAACAAGCGACTG,0.612268606207541,0.45,64.07386277101011
ACCTAGGTCACTTACAGTAG,GGG,ACCTAGGTCACTTACAGTAGG,0.807786976952338,0.45,62.81394326225387
GTGCTGCGCGACAACATCCA,GGG,GTGCTGCGCGACAACATCCAG,0.915783219188791,0.6,70.70448767556019
GGGGCACGTACTACTGAACG,AGG,GGGGCACGTACTACTGAACGA,0.972222222222222,0.6,69.49311656476107
ACTTTGAAATCATTCACAGG,TGG,ACTTTGAAATCATTCACAGGT,0.423588468129634,0.35,55.896426986423194
AGGGGACTCGGAGACTGCGA,TGG,AGGGGACTCGGAGACTGCGAT,0.928421507893096,0.65,74.46872222503333
GTGGAAGTGTACCAACACGC,TGG,GTGGAAGTGTACCAACACGCT,0.834841628959275,0.55,67.21236786588997
GCACGGACAACATCACCGTG,AGG,GCACGGACAACATCACCGTGA,0.932574250277765,0.6,68.92050484840814
ATGCGGACGATTGCGTGCCA,GGG,ATGCGGACGATTGCGTGCCAG,0.841537836970685,0.6,71.67478385487573
ATGGCGTGGCGAAAAAGTGG,CGG,ATGGCGTGGCGAAAAAGTGGC,0.931297625433152,0.55,67.82287025727157
ATAGAACATTTGGCCAAACA,AGG,ATAGAACATTTGGCCAAACAA,0.681851368970013,0.35,58.34297301237626
ACACCTGGGAGTCGCAGCGG,TGG,ACACCTGGGAGTCGCAGCGGT,0.94208270589598,0.7,76.22424417068112
GGTGGAATTTCAGCCCGTGG,AGG,GGTGGAATTTCAGCCCGTGGA,0.910581841432225,0.6,70.16758534146783
GTGAGCGGGATGTCCAGTGT,GGG,GTGAGCGGGATGTCCAGTGTG,0.854081632653061,0.6,71.24066345971488
GTCCGGCTGACGTGGCACCA,GGG,GTCCGGCTGACGTGGCACCAG,0.894212523719165,0.7,76.30697302336051
GGGGACATACTGGACGCTCA,CGG,GGGGACATACTGGACGCTCAC,0.885191266141065,0.6,71.55715262524052
GCAGCGTGTATCGAGTGTGG,GGG,GCAGCGTGTATCGAGTGTGGG,0.866045362676847,0.6,69.1326097111106
GGTTCCCAGTCCAGACACGC,AGG,GGTTCCCAGTCCAGACACGCA,0.748141954663693,0.65,72.83883621513536
GGGATCCCTCAAGCTCAGCA,AGG,GGGATCCCTCAAGCTCAGCAA,0.753668763102725,0.6,72.1054655411939
GCATTGAAGAAAGTGATACA,AGG,GCATTGAAGAAAGTGATACAA,0.550644122383252,0.35,56.65215597388777
GGGGCCCGCAGCCATACGGC,AGG,GGGGCCCGCAGCCATACGGCA,0.644048846780333,0.8,82.14806508737195
GTGGTGAGCTACACCACCAA,CGG,GTGGTGAGCTACACCACCAAC,0.789681370936068,0.55,69.25360989559175
ATAATCGCCCCAGTTACCAT,CGG,ATAATCGCCCCAGTTACCATC,0.49252615844544,0.45,64.68995393440116
GTGGCTCACGGCCTCAACGG,TGG,GTGGCTCACGGCCTCAACGGT,0.939769768075885,0.7,74.99283952469796
GAAGGGCCGATGATCCACTC,AGG,GAAGGGCCGATGATCCACTCA,0.844272844272844,0.6,70.15623699320781
GCATCAGCTCCACTTTATCG,AGG,GCATCAGCTCCACTTTATCGA,0.501264957264957,0.5,63.931915086667516
GGTGATGTTGGAACAATCCG,GGG,GGTGATGTTGGAACAATCCGG,0.948686868686868,0.5,63.75897804302855
AAGCAGGGCTGTCTTTACAA,GGG,AAGCAGGGCTGTCTTTACAAG,0.790005711022272,0.45,64.67494191714314
GAGGGAGGATGGCAGAGCTT,GGG,GAGGGAGGATGGCAGAGCTTG,0.779913277862416,0.6,72.22395261437754
ATGGACGGATGAGCGAACTA,CGG,ATGGACGGATGAGCGAACTAC,0.906796875,0.5,66.17742526303022
GCAGCTAGATCCAGTATGGG,TGG,GCAGCTAGATCCAGTATGGGT,0.878520038027025,0.55,68.21046940676143
GGGCGGTACTGAAGATCTCG,GGG,GGGCGGTACTGAAGATCTCGG,0.933007459312839,0.6,69.17522496218248
GTGCCCTTGCCCGAGCCGGG,CGG,GTGCCCTTGCCCGAGCCGGGC,0.863277425456163,0.8,81.24559526066025
ACACTATATACTGGCCGTGG,GGG,ACACTATATACTGGCCGTGGG,0.695567375886524,0.5,65.95642365187251
GGAGCGTGGTGGTGTGTCGT,TGG,GGAGCGTGGTGGTGTGTCGTT,0.803466880955114,0.65,73.36006791983982
ATTAAATTCACAGAACCACG,TGG,ATTAAATTCACAGAACCACGT,0.671673254281949,0.35,55.129852555758134
GAAGCCAGTGGACTAGCACT,TGG,GAAGCCAGTGGACTAGCACTT,0.106676870161086,0.55,69.29119557817904
ACTCCCGACAGCAGAATCCC,AGG,ACTCCCGACAGCAGAATCCCA,0.751873976138864,0.6,71.39659603025171
ACCACCACCAGCTTGTATGT,GGG,ACCACCACCAGCTTGTATGTG,0.579737564845895,0.5,67.90317616652345
GTAAAATCCTCGCTTGTACG,GGG,GTAAAATCCTCGCTTGTACGG,0.86235465116279,0.45,59.796770843352476
GAGTTCAGGAATGCGCAGCG,GGG,GAGTTCAGGAATGCGCAGCGG,0.954004329004329,0.6,69.11486128591434
ATCCCTCCGGAGTAAATGTG,GGG,ATCCCTCCGGAGTAAATGTGG,0.97161306042885,0.5,65.39827116591812
GGGCTGGCCAGACAATGACA,AGG,GGGCTGGCCAGACAATGACAA,0.927122493734336,0.6,72.24646180946928
GACAGCCTTGATCAATGCAA,CGG,GACAGCCTTGATCAATGCAAC,0.856586929913256,0.45,63.19633750893621
GCGTCGGCAGAACACCATTG,TGG,GCGTCGGCAGAACACCATTGT,0.842358003049029,0.6,69.15623485071086
GGTCCTTCCCATCATATGTG,GGG,GGTCCTTCCCATCATATGTGG,0.571162750814611,0.5,64.91286147950223
AGTGGATTATTTGGTCACTG,AGG,AGTGGATTATTTGGTCACTGA,0.851047079200125,0.4,59.557729185880646
ACGGACAGCCAGATGTAGTG,CGG,ACGGACAGCCAGATGTAGTGC,0.856984478935698,0.55,68.15499258272087
GCGCGCCCACACGTCGCCCG,GGG,GCGCGCCCACACGTCGCCCGG,0.927644026880667,0.85,81.82191153173676
GGCCTTGCTTTCAGAGAGGA,GGG,GGCCTTGCTTTCAGAGAGGAG,0.866773675762439,0.55,69.0987889337091
GGACGGCGCGAGGCCAACCT,GGG,GGACGGCGCGAGGCCAACCTG,0.687634479441037,0.75,79.1373421858525
GGAGCGAGGACTTATTCCCA,GGG,GGAGCGAGGACTTATTCCCAG,0.964940650840224,0.55,68.72603977113516
GGGGCTCAGTGAAGTCAAGT,GGG,GGGGCTCAGTGAAGTCAAGTG,0.804239471326164,0.55,69.00749710148517
ACCTCAAACACCAACGCCCG,GGG,ACCTCAAACACCAACGCCCGG,0.925952260030472,0.6,70.62510436482614
ATGTCTTACCAACCCATCCA,AGG,ATGTCTTACCAACCCATCCAA,0.803284356093344,0.45,64.84752782009753
ATATGTCATATAATTCCCAC,AGG,ATATGTCATATAATTCCCACA,0.764407341884122,0.3,54.04580231379248
AGGCGCTAAGCGTCACCGTA,AGG,AGGCGCTAAGCGTCACCGTAA,0.482747747747747,0.6,72.04860680469983
GCACTTGAGCAGCCACAGCG,GGG,GCACTTGAGCAGCCACAGCGG,0.868723084824779,0.65,72.79502447194295
GGCTCTGGTGGCACACCAAG,GGG,GGCTCTGGTGGCACACCAAGG,0.858079105810503,0.65,73.50024311994503
ATGGATACTCAAGCAAGAGT,GGG,ATGGATACTCAAGCAAGAGTG,0.956043956043956,0.4,61.34896508205543
ACATAGTATATAATCAAATG,TGG,ACATAGTATATAATCAAATGT,0.570529307613456,0.2,45.64234136818516
AACGCCACGATGCCAGCCAG,AGG,AACGCCACGATGCCAGCCAGA,0.658496732026143,0.65,73.76096547366637
GCCGCTTACGTAAAGCCCAG,GGG,GCCGCTTACGTAAAGCCCAGG,0.87608671968624,0.6,70.08073756825763
ATCAACCACGAAGTGATCGC,AGG,ATCAACCACGAAGTGATCGCA,0.514222306656074,0.5,64.56727557595912
GGTGTAGGAAACTGACTCCA,GGG,GGTGTAGGAAACTGACTCCAG,0.948421717171717,0.5,66.0418712418188
GTGAAACCTGTACCATAACA,CGG,GTGAAACCTGTACCATAACAC,0.969065566775707,0.4,60.118736928869794
AGGTTATAACGAAGACTGTG,GGG,AGGTTATAACGAAGACTGTGG,0.972441520467836,0.4,58.519768685191536
AACTGTTGAGACCCTTACGG,GGG,AACTGTTGAGACCCTTACGGG,0.88086733357775,0.5,65.0282435664098
AAAAAACCCGTAGATAGCCT,CGG,AAAAAACCCGTAGATAGCCTC,0.0458026686842286,0.4,60.89993360129694
GTCACCTGGAGACAGCTCCG,AGG,GTCACCTGGAGACAGCTCCGA,0.911439665471923,0.65,72.22812583570732
GCATGACCAGTGTGGCGACG,AGG,GCATGACCAGTGTGGCGACGA,0.907894736842105,0.65,71.91045403096103
ATTGTCCAGAAGGTATGACC,AGG,ATTGTCCAGAAGGTATGACCA,0.788382727863774,0.45,63.30756798617165
ACAGCAAATACTTACCACAG,AGG,ACAGCAAATACTTACCACAGA,0.881964285714285,0.4,59.60564599540248
GCGTCTGGGATATGACACCC,GGG,GCGTCTGGGATATGACACCCG,0.944616977225672,0.6,70.48454652870112
AGATTGAGACTAGTAGGGCT,AGG,AGATTGAGACTAGTAGGGCTA,0.912827941413166,0.45,64.66005821685462
ACCTCCGAAGGCGACAATGG,AGG,ACCTCCGAAGGCGACAATGGA,0.917100945763366,0.6,70.55296344483372
GCAAAAGAATCATCAACCTG,GGG,GCAAAAGAATCATCAACCTGG,0.814528637904291,0.4,58.011128022223886
GGAGCCAGCGCAACACTACG,TGG,GGAGCCAGCGCAACACTACGT,0.937762438884095,0.65,72.41074696618159
GCAATTGCCAGGTGTCACGT,TGG,GCAATTGCCAGGTGTCACGTT,0.37707842127079,0.55,68.64165352273284
ACAATTGGAAGTGGTCGAAG,GGG,ACAATTGGAAGTGGTCGAAGG,0.80510752688172,0.45,61.65456541072933
GCTTTGCTAGCCAACCCAGA,AGG,GCTTTGCTAGCCAACCCAGAA,0.415856790744839,0.55,69.73991791671034
GAAGAACTTGTACCCCAGCG,TGG,GAAGAACTTGTACCCCAGCGT,0.894947659186824,0.55,66.9449682206158
AGAGGATCTAAATACAAGAG,TGG,AGAGGATCTAAATACAAGAGT,0.933783316026306,0.35,56.02171580395685
AGATGGCATATGTCCTGCTG,AGG,AGATGGCATATGTCCTGCTGA,0.84296878268443,0.5,66.31145699502082
GGCTCCATTCATCTCGCAGA,AGG,GGCTCCATTCATCTCGCAGAA,0.567047995334869,0.55,68.39415845032829
ATATGATCTACATACCTGAC,AGG,ATATGATCTACATACCTGACA,0.43004097285496,0.35,57.18587591494793
ATTTCCAGACTCTACAAGCT,GGG,ATTTCCAGACTCTACAAGCTG,0.262163504912652,0.4,61.17489257276918
ACACACGACTAATCACTCCT,GGG,ACACACGACTAATCACTCCTG,0.579477889260497,0.45,63.441357446398456
ATGCCCAGGAGAACTCGCTG,AGG,ATGCCCAGGAGAACTCGCTGA,0.94054468738013,0.6,71.17529357822042
GCTGTGAGAAATACATCACG,GGG,GCTGTGAGAAATACATCACGG,0.938137456664268,0.45,60.485013897435294
GTGACCGACTTCGACGGAGA,CGG,GTGACCGACTTCGACGGAGAC,0.826072527116723,0.6,69.25245312668034
GGTCCGAGAGGTGTACGAAG,AGG,GGTCCGAGAGGTGTACGAAGA,0.885883084577114,0.6,68.85071013689338
AGAAGAGCCATGGATAGTGG,AGG,AGAAGAGCCATGGATAGTGGA,0.956469586751276,0.5,66.10721420672076
GAAGAAGGGAGGAGGAGCGG,AGG,GAAGAAGGGAGGAGGAGCGGA,0.601421310240963,0.65,72.63035530178183
ATTCCTCTCCAAAAATGCTA,CGG,ATTCCTCTCCAAAAATGCTAC,0.267007197585326,0.35,58.221476149329305
GAGTGCCGAGGTGTACACCG,AGG,GAGTGCCGAGGTGTACACCGA,0.931772237196765,0.65,72.02135552279907
ACAGCCCATCTGTGAACACA,TGG,ACAGCCCATCTGTGAACACAT,0.565987568208192,0.5,67.34282811360453
AGACCCAGTCACCTACTACA,CGG,AGACCCAGTCACCTACTACAC,0.805769518852576,0.5,67.56298737951289
ACGTAAGATCATCCGCATGT,GGG,ACGTAAGATCATCCGCATGTG,0.337014103887168,0.45,63.16917764048986
GCAGCGCTCCAGGAATGCCG,AGG,GCAGCGCTCCAGGAATGCCGA,0.937574175172086,0.7,75.37636094308266
GCTCTGGGAAGGAACAGCCG,AGG,GCTCTGGGAAGGAACAGCCGA,0.842820512820512,0.65,72.81466869201176
GAAATAGCCAAGTTCAACAG,GGG,GAAATAGCCAAGTTCAACAGG,0.929632817670842,0.4,57.966612633930254
ATGAACCAGACTGCCCAAGC,AGG,ATGAACCAGACTGCCCAAGCA,0.739011739011739,0.55,69.39927622620598
GGACTGTTTGGATTAGCAGT,AGG,GGACTGTTTGGATTAGCAGTA,0.866395943852401,0.45,63.23240301316446
ATGAACCTCCAGTTTCATCG,AGG,ATGAACCTCCAGTTTCATCGA,0.608564921970192,0.45,61.75882746652394
GCATGATTGTTACCAACCCT,GGG,GCATGATTGTTACCAACCCTG,0.748062015503876,0.45,63.60427100180232
GAGACTGTATCGTGGCACCG,TGG,GAGACTGTATCGTGGCACCGT,0.862573499247914,0.6,69.03525551681054
GAAGGCCGACGAATCCGCGG,TGG,GAAGGCCGACGAATCCGCGGT,0.926475105986442,0.7,73.83219034859167
GCCCCCGGGTACCTTGTAGG,TGG,GCCCCCGGGTACCTTGTAGGT,0.781973643410852,0.7,76.89992345401743
ATTGAAACATATGGAAGCCA,GGG,ATTGAAACATATGGAAGCCAG,0.793990616504428,0.35,58.49028622418814
AGCCCTTCAGCGGCAGACTA,GGG,AGCCCTTCAGCGGCAGACTAG,0.627172968274663,0.6,73.14249262649793
GGATGAATATGGTTATGAGG,TGG,GGATGAATATGGTTATGAGGT,0.738604532722179,0.4,58.75089725573298
ACTCCATTTGTGCTATCCAG,TGG,ACTCCATTTGTGCTATCCAGT,0.851162169529401,0.45,62.93375858865812
GGCCACTGTCACGATGAGAA,AGG,GGCCACTGTCACGATGAGAAA,0.623239436619718,0.55,68.14828810946835
GCGCACGGGTACCTCAACTT,GGG,GCGCACGGGTACCTCAACTTG,0.906312877263581,0.6,71.20614710592452
GACTGGCCACATCCCTCTGA,AGG,GACTGGCCACATCCCTCTGAA,0.820854847963281,0.6,71.84148777536689
GCATCAGGCAAGTGGCTGGA,TGG,GCATCAGGCAAGTGGCTGGAT,0.478541235334713,0.6,72.28330174727893
AGGCTGGTGACAGACACATA,AGG,AGGCTGGTGACAGACACATAA,0.816006097560975,0.5,67.51424009861063
ATATGAATTCCCATGATGAA,AGG,ATATGAATTCCCATGATGAAA,0.47790525037117,0.3,55.32791558688206
GGTGAAAAGCGAAATCCCAA,AGG,GGTGAAAAGCGAAATCCCAAA,0.849636406286652,0.45,62.444701599531925
GCAGCTAACAGGCAACACGG,GGG,GCAGCTAACAGGCAACACGGG,0.949137026964574,0.6,70.27242463905537
ACCGTGGTAGCGGTCGCTGC,TGG,ACCGTGGTAGCGGTCGCTGCT,0.581765632002942,0.7,76.36173546810801
ATGGGAGATTTGTGAATCCG,TGG,ATGGGAGATTTGTGAATCCGT,0.90195483653522,0.45,62.06303651355324
GAAGCACTTGCACTAATGGA,AGG,GAAGCACTTGCACTAATGGAA,0.947017543859649,0.45,63.25519113609937
ATCTTGGACTTCATCTACAC,AGG,ATCTTGGACTTCATCTACACA,0.547740978271274,0.4,59.816605213187245
ACTGTAGCACACTTGACGAC,AGG,ACTGTAGCACACTTGACGACA,0.575651372000116,0.5,65.11922791984858
AAGAGATCCCTTGTTGTACG,TGG,AAGAGATCCCTTGTTGTACGT,0.806111111111111,0.45,61.790436586226235
AGTGCAGCCCGTTCTCGCGC,AGG,AGTGCAGCCCGTTCTCGCGCA,0.394458702321921,0.7,76.09731986190167
GTGTATAATTACAGTGCACA,TGG,GTGTATAATTACAGTGCACAT,0.419795162192393,0.35,57.02145426198547
ACAGAGTAGTGTGCTTAGCC,AGG,ACAGAGTAGTGTGCTTAGCCA,0.196436012292306,0.5,66.4149454045529
ATGGGCCAGTGAGATCCCCG,GGG,ATGGGCCAGTGAGATCCCCGG,0.961785898095728,0.65,74.34680563336923
ACTGACGTCACCGTACATCC,TGG,ACTGACGTCACCGTACATCCT,0.242785158039395,0.55,67.60093759842943
ATTATAATGTGATCATCGGG,TGG,ATTATAATGTGATCATCGGGT,0.691397688782626,0.35,55.96825422810207
GAAAGGCTTCATCTTAACGG,TGG,GAAAGGCTTCATCTTAACGGT,0.87719298245614,0.45,60.557894990505304
AGTGCTCTGTTATATACACG,TGG,AGTGCTCTGTTATATACACGT,0.920151153646215,0.4,58.90002977209309
AGGAGGAGCCCTTCGCACTG,GGG,AGGAGGAGCCCTTCGCACTGG,0.948681423040397,0.65,74.06462104630776
GTTTGTAGGTCGTCAGAAAG,AGG,GTTTGTAGGTCGTCAGAAAGA,0.599829191882471,0.45,60.11844860819798
GACAACCGCCATCCAGACTG,TGG,GACAACCGCCATCCAGACTGT,0.928571428571428,0.6,69.66496856042289
GACTGTCAAATGCTTGTGGG,AGG,GACTGTCAAATGCTTGTGGGA,0.86203253231117,0.5,64.40746526542233
GTGCCACAAAGACCATCAAG,AGG,GTGCCACAAAGACCATCAAGA,0.959397660375451,0.5,64.40746526542239
GCATGTCGTCTTTATCGCTC,AGG,GCATGTCGTCTTTATCGCTCA,0.340108427752852,0.5,63.42199603954833
ACACCTCGTGCATCCTCGTG,TGG,ACACCTCGTGCATCCTCGTGT,0.808979582568301,0.6,70.11012849128673
GGCTCGGATAGATTTGGTGT,CGG,GGCTCGGATAGATTTGGTGTC,0.895362903225806,0.5,65.83019863502301
AGTTCCTAACATGTTTAGAA,GGG,AGTTCCTAACATGTTTAGAAG,0.325834592663827,0.3,54.46346950955592
AGGGATCTCACGGAGCATGA,AGG,AGGGATCTCACGGAGCATGAA,0.713927422423634,0.55,69.60707076382789
AGATAACAGGGTCTAACCTG,GGG,AGATAACAGGGTCTAACCTGG,0.958887902987282,0.45,62.91417850973079
ATCGTAGCCGTTATCCACGA,AGG,ATCGTAGCCGTTATCCACGAA,0.880282021520218,0.5,65.72482846771948
GCAGTCCACGGTGTGCGGGT,CGG,GCAGTCCACGGTGTGCGGGTC,0.885867435979627,0.7,76.56017914889475
GTTCAATTAGGTGTGTGCTG,CGG,GTTCAATTAGGTGTGTGCTGC,0.681542985642622,0.45,61.34574809473031
AGAATGGACTTATGAAACTG,TGG,AGAATGGACTTATGAAACTGT,0.945503532763132,0.35,55.987534006802775
GACCAACCTCAAACGAGAGC,CGG,GACCAACCTCAAACGAGAGCC,0.66538551129746,0.55,66.84020934071299
AGACTTAAGTCTTTGGAAGG,AGG,AGACTTAAGTCTTTGGAAGGA,0.737055016181229,0.4,59.10018979849497
GGCAGCATAGGCGAAGCGGT,TGG,GGCAGCATAGGCGAAGCGGTT,0.861979166666666,0.65,74.58884490318422
AAAGGCACAATAATGTTGGC,TGG,AAAGGCACAATAATGTTGGCT,0.174942528735632,0.4,60.434097704404564
ACTGTGTGGTCTCCGCAATG,GGG,ACTGTGTGGTCTCCGCAATGG,0.879892374327339,0.55,67.9760913473969
GCCCATGACCATGAGAAGGA,AGG,GCCCATGACCATGAGAAGGAA,0.966213862765587,0.55,69.2385907912082
GTGCACCAACTGAAGTACAC,TGG,GTGCACCAACTGAAGTACACT,0.799597116686944,0.5,64.74755020483576
ATGCGCGAGATCGAGCGACT,GGG,ATGCGCGAGATCGAGCGACTG,0.596165933375235,0.6,70.52595344632482
GCTGTTCCAGATGGTACCTG,AGG,GCTGTTCCAGATGGTACCTGA,0.84470909800859,0.55,67.70816760677417
GGGATTGGATGGAGGTGATG,GGG,GGGATTGGATGGAGGTGATGG,0.994974127490917,0.55,67.76810505229184
ATGACTGCAGGCAAATGTAT,TGG,ATGACTGCAGGCAAATGTATT,0.265730759170316,0.4,61.789541438066635
GTGGAAAAGGACCAGAACTT,GGG,GTGGAAAAGGACCAGAACTTG,0.968172757475083,0.45,62.860290557165115
GTGTGTACCTTCCCGGATGG,CGG,GTGTGTACCTTCCCGGATGGC,0.875114971361679,0.6,70.10985314903411
GTCTGCAGCAGATGCTACGG,AGG,GTCTGCAGCAGATGCTACGGA,0.941503419070113,0.6,69.98445164099206
GAGAGCCCAACCATAGTCCA,AGG,GAGAGCCCAACCATAGTCCAA,0.858776358776358,0.55,69.40778800745954
ATCAGTATGTCCTGTCCCGG,AGG,ATCAGTATGTCCTGTCCCGGA,0.87317925633143,0.55,68.35795334860825
GTTTGAGACCTTCAACACCC,CGG,GTTTGAGACCTTCAACACCCC,0.716120745022479,0.5,64.61552036762367
GGAGGTCCCTCAAGTCTCCG,GGG,GGAGGTCCCTCAAGTCTCCGG,0.939492956089526,0.65,72.35431071596025
GGCATGTGCCCCTAGCCGCG,TGG,GGCATGTGCCCCTAGCCGCGT,0.842528010305037,0.75,78.88711005930281
AGAAGACTGCACTACGATCG,AGG,AGAAGACTGCACTACGATCGA,0.886258274327098,0.5,63.99103927661872
GAGCCCCATAGCATGGCTTG,TGG,GAGCCCCATAGCATGGCTTGT,0.782360026421105,0.6,71.39534471280751
ATGGCAACAGTAGTTCTAGG,AGG,ATGGCAACAGTAGTTCTAGGA,0.825690607734806,0.45,62.9893846807567
ATTTGGCATCGATGCTCAAG,GGG,ATTTGGCATCGATGCTCAAGG,0.107909432765195,0.45,62.139084442553894
GGTGTGATATCGTGGTTCCT,GGG,GGTGTGATATCGTGGTTCCTG,0.451390788873688,0.5,65.63431278157032
GCCCAACTTCTGGTGCCGCG,GGG,GCCCAACTTCTGGTGCCGCGG,0.856512914650963,0.7,75.38194657560047
GACAGGGAATGGGACTCGGC,TGG,GACAGGGAATGGGACTCGGCT,0.70576923076923,0.65,73.0530092041119
GTTCTTCCCCTACCTACACC,AGG,GTTCTTCCCCTACCTACACCA,0.636783658912215,0.55,68.34107656554005
GGTGGCGGTACTGAGACACC,TGG,GGTGGCGGTACTGAGACACCT,0.921130073235166,0.65,73.11895497157838
ACTACACCTTGAGCCTGATG,GGG,ACTACACCTTGAGCCTGATGG,0.787715306322176,0.5,65.8728617003386
GGTAACGGAGAGGGCAGACT,CGG,GGTAACGGAGAGGGCAGACTC,0.88527941844616,0.6,71.60842434691898
ATGGCAACAACGTCAACCGT,TGG,ATGGCAACAACGTCAACCGTT,0.684098104111954,0.5,66.12633196412435
GGGAACCAGCATCAATCAGA,AGG,GGGAACCAGCATCAATCAGAA,0.51866500570954,0.5,66.24119696117265
ATCAGCCACAGGATGACTCG,TGG,ATCAGCCACAGGATGACTCGT,0.897044334975369,0.55,67.93789219784543
GGATAGCTGAGAACATGGAG,AGG,GGATAGCTGAGAACATGGAGA,0.962273819621147,0.5,64.56493790840807
ACAGACTAGTATCTACCTTG,AGG,ACAGACTAGTATCTACCTTGA,0.979745025616585,0.4,59.484227788481405
GGTTGCCAGAGAGTTCAGTG,AGG,GGTTGCCAGAGAGTTCAGTGA,0.922969251324747,0.55,67.17234207293694
GTTCATCGTGGTAGTGTCGG,TGG,GTTCATCGTGGTAGTGTCGGT,0.840901031354354,0.55,65.92662646704696
AAAACTACGACCCCAACCTG,CGG,AAAACTACGACCCCAACCTGC,0.294036446490176,0.5,65.27419075208996
GATGATTTCAGGGACTCGTG,AGG,GATGATTTCAGGGACTCGTGA,0.920714047009023,0.5,63.477391632391345
AACATAGTTATATTGGCTGG,AGG,AACATAGTTATATTGGCTGGA,0.760216346153846,0.35,56.75405320505922
AGGAGTCAGATGCTGTTTCG,AGG,AGGAGTCAGATGCTGTTTCGA,0.785242158394423,0.5,64.7140360979061
AAGGCTCCCTTATCATATGG,AGG,AAGGCTCCCTTATCATATGGA,0.896332244061844,0.45,63.54928655580238
GGATGGCCTGGATACAGATG,CGG,GGATGGCCTGGATACAGATGC,0.948076892550438,0.55,68.0339579044201
GCCCGCAGTTTGGTATCAGG,AGG,GCCCGCAGTTTGGTATCAGGA,0.90916237283657,0.6,70.46890547127748
GACTTGATCGATTAATGAAG,TGG,GACTTGATCGATTAATGAAGT,0.585475444096133,0.35,53.737387897636495
ACGGACAGAGAAGCGCATCG,AGG,ACGGACAGAGAAGCGCATCGA,0.957330380293863,0.6,69.4675298704438
GCGGAGAATACATCTACAAG,GGG,GCGGAGAATACATCTACAAGG,0.903293959473734,0.45,60.73909109948903
GAAGCTCGGGCACTGCACTG,TGG,GAAGCTCGGGCACTGCACTGT,0.953398183757231,0.65,72.68342426478165
GATACAAAGTCGTAGCTGGA,CGG,GATACAAAGTCGTAGCTGGAC,0.491173464647403,0.45,62.4323151708341
AAACACTTAAGAACTCCCAC,AGG,AAACACTTAAGAACTCCCACA,0.700782005804579,0.4,59.67811616391231
GACAGGCTGAGGTCCACGAG,AGG,GACAGGCTGAGGTCCACGAGA,0.95251948051948,0.65,72.22812583570726
GCTGAACAAGTGTGTCCTTG,CGG,GCTGAACAAGTGTGTCCTTGC,0.430897227772227,0.5,64.1083934970826
AGTGTCCGATGCTAAGGTCA,AGG,AGTGTCCGATGCTAAGGTCAA,0.51436229657051,0.5,66.7975605261073
GCGAAGGCCTGCGCTGCGTG,GGG,GCGAAGGCCTGCGCTGCGTGG,0.402521654950645,0.75,77.56134644651507
GGTTGGTGCAAAAGGCATTG,TGG,GGTTGGTGCAAAAGGCATTGT,0.773817034700315,0.5,64.89078279818096
